1000 9892
637 198
622 362
659 476
733 595
481 782
63 76
765 354
531 790
713 671
312 96
351 321
977 786
828 812
393 161
748 731
668 569
398 402
981 811
786 843
532 283
237 491
597 379
602 419
621 389
184 376
421 117
781 469
639 609
35 719
237 269
287 809
187 536
596 436
887 375
321 850
17 57
577 1
579 719
925 967
822 813
490 714
108 141
630 14
297 362
540 290
616 584
748 445
413 754
349 6
31 846
568 538
828 454
993 19
98 761
305 49
433 68
758 771
555 977
486 941
166 806
46 504
598 805
675 456
396 445
509 162
350 989
296 603
734 953
764 62
950 205
55 491
704 487
105 126
604 64
436 754
932 735
278 569
135 480
819 839
767 517
241 511
572 533
167 979
684 63
354 822
389 341
798 51
9 78
52 433
879 44
510 641
919 965
42 651
519 143
690 891
858 233
270 411
603 259
717 18
494 245
423 139
772 320
750 426
365 120
555 200
351 421
261 77
763 872
968 583
146 511
845 319
459 76
65 245
657 521
783 121
181 663
829 267
920 537
563 483
583 796
472 96
113 338
30 514
868 454
820 353
622 813
606 342
753 898
758 445
939 629
120 513
589 114
331 752
113 444
762 35
411 301
417 936
591 61
17 182
545 760
595 54
970 103
832 644
629 418
296 906
80 993
469 689
992 770
496 625
723 146
780 123
926 595
425 47
54 880
736 263
366 582
365 913
952 632
754 294
727 603
488 944
548 126
472 105
923 754
671 112
379 678
451 213
306 720
2 761
525 747
512 694
430 657
383 851
264 607
691 363
734 362
233 958
698 16
989 623
98 853
719 698
647 425
844 958
744 462
194 819
216 743
894 692
931 394
931 147
627 27
635 548
764 128
600 929
289 222
695 991
507 426
740 233
133 965
906 327
800 718
967 946
90 482
113 899
204 94
649 447
43 450
912 807
643 467
199 213
739 800
596 671
913 387
159 919
612 129
333 992
482 442
265 554
946 461
325 528
71 44
952 838
113 615
26 607
411 235
605 761
916 449
700 659
161 905
114 608
652 526
161 945
182 709
115 738
100 674
156 716
416 609
880 134
3 869
165 874
115 659
737 331
814 377
250 386
10 700
466 426
451 514
93 73
700 215
442 195
648 394
230 418
638 319
594 833
577 565
673 679
122 459
336 383
548 565
402 518
992 362
959 318
369 767
836 454
252 146
128 26
314 317
479 901
392 415
393 938
27 913
253 312
347 319
55 614
375 197
401 480
552 800
347 428
992 978
405 708
752 755
990 589
773 233
212 597
104 310
341 183
566 432
164 720
496 128
901 181
669 953
230 849
503 327
485 712
17 306
39 737
788 769
248 656
304 930
401 44
679 465
531 294
386 779
558 589
226 202
724 317
913 26
736 643
255 85
165 957
918 341
313 906
10 641
198 671
179 881
990 171
115 623
4 396
582 17
914 535
516 487
700 4
225 108
67 897
568 839
348 110
330 417
408 299
376 95
131 545
38 841
604 462
862 530
611 750
564 876
304 42
533 183
171 282
945 823
323 103
516 970
411 857
615 428
68 817
298 247
536 483
636 900
464 78
561 880
659 479
196 376
234 856
367 852
761 965
522 109
869 434
194 234
638 753
878 64
829 516
886 735
333 757
428 719
527 333
711 480
790 327
384 557
332 435
962 22
1000 477
330 732
187 829
80 299
542 562
70 650
127 463
941 853
274 391
973 519
960 746
433 673
395 665
985 73
400 666
19 425
576 954
316 253
937 319
675 830
105 938
676 956
678 183
604 689
960 584
550 509
753 711
718 883
580 880
948 252
231 208
982 904
715 271
240 877
927 370
231 33
32 633
966 412
14 569
26 75
852 467
529 848
163 430
241 946
535 222
598 826
231 775
659 974
235 448
770 461
119 806
547 133
720 703
2 786
533 134
837 308
586 552
371 46
716 907
702 754
522 348
525 599
929 438
432 874
604 240
953 312
641 407
24 100
703 554
530 850
858 327
677 897
567 365
272 786
794 955
834 764
872 439
247 337
125 821
364 531
332 614
241 216
560 340
411 706
180 397
243 551
669 95
542 471
837 793
472 835
94 478
545 194
484 746
678 106
90 289
327 76
990 660
792 549
960 583
647 921
875 568
640 441
673 358
383 858
195 998
166 165
776 121
669 786
195 887
549 876
518 537
34 736
395 383
433 475
142 317
326 46
628 858
444 720
212 65
786 368
261 319
115 694
425 664
135 605
562 459
781 43
675 568
947 319
90 806
988 465
221 62
672 742
303 584
790 74
990 59
597 692
310 495
168 468
480 454
262 386
282 324
374 998
710 780
81 966
41 271
64 564
684 863
456 190
76 767
228 898
67 260
876 706
941 146
699 219
615 359
873 92
546 362
694 82
592 756
275 320
59 745
833 766
650 412
870 307
107 805
128 430
223 431
708 825
977 200
763 441
337 681
998 550
105 405
473 592
111 395
722 540
284 455
69 855
198 517
971 263
494 496
886 950
908 201
262 522
66 139
344 281
967 211
737 838
80 499
801 309
714 638
915 317
113 381
938 870
153 678
299 928
230 916
868 898
453 970
365 415
972 393
574 173
443 701
983 404
445 263
670 704
784 671
692 824
364 217
97 26
88 171
162 910
969 358
326 165
18 746
662 835
115 658
520 888
724 504
357 753
692 606
16 471
442 337
44 509
527 652
162 592
884 885
922 86
69 84
62 989
111 372
98 529
814 971
232 515
960 952
529 937
548 147
415 132
408 452
275 813
383 528
222 662
708 345
33 711
343 486
920 329
154 513
160 718
927 142
491 997
732 502
475 71
43 379
595 822
228 821
341 626
713 391
876 964
988 654
188 565
488 504
416 373
280 484
523 352
786 978
659 160
473 501
679 29
260 445
445 871
289 475
463 310
184 239
407 303
670 499
854 124
696 10
234 106
462 858
437 997
991 66
4 216
499 768
66 945
865 631
450 866
227 382
835 895
966 151
514 524
1 743
79 858
984 466
415 292
109 527
149 648
245 511
248 333
395 824
876 311
487 710
965 103
572 975
370 755
495 856
978 498
210 904
546 750
379 771
875 902
859 541
677 343
241 870
334 801
528 188
358 483
729 717
915 652
110 512
81 782
561 4
444 664
328 929
560 252
362 640
916 145
859 985
436 830
845 166
313 45
884 188
216 672
454 686
510 762
833 599
546 116
696 857
364 703
219 324
1 783
692 269
15 24
185 325
244 376
687 522
360 666
82 839
484 759
86 135
415 554
142 917
660 722
424 666
976 359
668 165
652 866
468 835
434 367
517 88
991 17
724 261
730 269
677 258
164 427
916 922
44 897
27 117
415 762
587 29
218 712
477 941
792 791
44 784
649 946
248 395
744 624
156 646
430 477
880 112
438 568
535 394
187 760
541 533
787 653
115 586
301 417
747 113
965 970
735 720
974 952
22 5
482 534
84 838
712 615
287 99
128 1000
679 905
835 316
69 382
392 909
870 200
227 854
858 768
987 428
185 602
222 735
499 118
651 341
979 832
194 664
710 688
768 727
854 943
621 880
196 77
688 935
794 742
997 957
319 129
931 259
774 191
613 365
690 998
177 906
787 305
915 868
129 559
721 85
557 487
753 324
14 640
203 871
61 669
777 212
212 543
433 798
124 227
687 235
292 423
502 928
215 517
330 753
60 458
385 912
878 254
843 949
860 973
761 540
942 587
160 41
984 253
269 163
622 819
918 399
862 226
459 829
886 228
580 951
523 884
48 787
161 939
516 11
558 906
779 875
191 851
430 505
255 108
535 430
481 39
762 144
572 145
5 612
252 210
387 343
396 415
771 253
158 569
996 884
980 301
927 306
762 485
430 949
345 975
348 198
222 699
23 574
814 799
29 573
157 488
830 460
642 148
669 484
572 725
573 652
25 142
119 698
837 279
31 352
950 94
59 208
514 174
96 838
834 575
859 912
953 347
809 620
7 272
64 834
929 194
972 736
704 786
264 703
195 393
413 450
272 910
366 482
829 986
778 392
415 853
543 648
283 135
397 590
476 969
972 966
755 494
668 463
467 758
85 299
713 806
716 451
845 289
596 665
890 442
330 789
921 910
8 17
472 126
382 705
535 639
347 782
613 551
193 164
341 356
257 647
44 841
852 848
585 635
931 579
288 463
291 992
870 596
389 719
891 683
692 936
344 854
640 771
753 654
917 525
240 807
758 185
540 356
16 456
434 891
990 348
529 900
80 975
889 47
245 636
20 631
482 734
966 372
115 800
611 615
174 363
345 811
966 647
515 365
384 249
524 229
43 424
109 135
305 345
732 64
788 338
861 356
738 721
133 611
872 579
745 219
414 460
109 731
826 124
132 685
962 588
64 831
986 326
773 420
42 702
25 900
190 334
798 9
368 36
347 305
918 678
800 637
750 497
512 69
707 478
251 74
358 866
753 268
717 169
590 393
497 462
939 243
851 991
605 904
694 635
368 88
40 576
187 787
406 627
778 654
999 656
195 528
143 272
807 777
403 703
948 353
860 949
682 695
226 89
833 39
943 430
173 635
50 267
658 74
2 422
757 896
300 711
192 984
726 645
987 903
610 162
813 639
344 818
418 521
571 565
40 43
495 533
994 180
79 970
581 372
874 398
128 62
273 411
774 773
331 749
117 180
396 251
884 842
741 975
978 499
427 635
466 31
340 516
489 198
714 265
314 923
500 474
427 648
102 10
417 402
233 980
182 146
663 705
98 933
541 362
570 315
196 563
332 922
43 457
850 987
667 691
797 736
983 213
50 659
548 406
864 835
42 515
668 883
523 80
580 7
85 687
157 242
323 246
803 288
396 890
200 331
423 63
167 953
214 363
998 397
410 938
787 276
637 893
35 615
131 936
998 445
963 951
806 419
938 251
246 700
9 918
172 710
838 995
690 236
60 551
920 512
703 287
869 739
269 301
677 432
625 71
460 472
133 334
282 904
486 600
213 240
643 497
200 997
106 711
752 221
289 241
810 501
631 847
173 435
231 381
567 743
1 706
645 453
836 644
304 573
140 147
748 440
107 64
89 717
573 247
718 736
446 20
25 373
353 64
939 953
942 488
693 942
643 77
573 276
26 73
232 702
675 380
951 411
482 646
893 680
417 461
185 601
921 77
667 625
779 411
343 569
16 845
887 950
341 727
582 511
471 84
788 266
565 8
461 30
872 667
929 436
470 788
20 99
839 563
816 962
138 210
926 11
360 478
986 318
879 41
682 535
240 501
544 988
318 475
678 555
806 636
540 520
194 204
260 386
416 190
164 820
973 374
431 382
927 645
217 902
569 89
276 521
722 713
320 393
415 810
515 307
750 139
53 345
585 77
230 799
104 415
92 852
899 998
682 506
655 301
70 775
364 96
634 130
464 918
61 308
13 221
911 708
458 124
624 109
47 386
141 695
80 853
689 633
818 95
236 328
292 74
41 846
577 268
705 503
743 155
690 101
503 994
440 856
737 966
227 996
32 758
804 124
885 375
157 630
174 332
515 368
93 772
955 105
29 572
637 327
233 129
585 500
381 9
185 998
723 354
524 337
67 262
764 353
124 686
24 467
977 403
299 171
724 632
786 699
931 318
438 274
371 813
64 835
854 682
301 618
105 377
413 80
989 669
114 249
997 178
161 40
694 882
595 747
691 1000
284 338
30 346
40 726
989 959
995 318
887 244
172 767
503 207
172 654
998 774
143 319
276 668
596 521
905 228
375 294
38 270
553 10
790 697
653 776
313 765
208 585
728 304
395 675
973 862
212 496
473 964
956 802
131 10
501 30
28 386
197 501
71 476
843 271
202 413
431 45
633 983
943 856
412 912
218 931
391 362
413 686
842 220
461 237
300 800
414 296
219 912
590 641
236 786
409 936
271 881
547 206
361 423
793 82
352 174
353 920
615 167
376 804
24 776
694 997
10 32
149 167
439 703
691 65
323 908
510 482
572 617
901 621
298 690
707 786
358 694
841 600
570 6
509 826
21 334
622 555
78 273
831 381
523 132
946 985
841 553
738 60
109 278
882 22
422 445
225 973
359 850
323 456
17 533
830 409
479 53
373 594
869 381
14 202
416 85
884 691
265 336
201 955
394 692
515 560
840 532
368 586
317 28
155 417
655 500
14 484
805 295
921 794
773 793
995 905
961 233
874 858
140 394
801 576
256 987
2 698
633 657
740 595
487 178
329 208
330 123
684 862
810 417
739 285
408 737
232 933
698 718
611 855
353 59
207 128
447 913
840 563
219 734
736 484
164 117
277 306
481 223
227 943
46 113
378 577
586 106
783 788
954 406
990 456
776 734
282 267
410 324
693 875
340 517
567 838
144 280
131 546
64 719
44 438
720 726
193 926
654 829
997 903
634 963
505 781
395 164
370 181
426 355
780 578
547 857
418 287
203 543
39 237
24 186
25 615
526 705
709 399
360 114
769 621
769 352
423 227
975 918
85 384
243 702
420 369
569 467
5 207
318 30
925 494
659 190
181 782
954 526
994 563
118 507
962 21
346 766
863 439
95 985
77 638
781 576
599 473
416 992
454 872
131 279
706 61
604 269
912 512
655 456
423 692
100 519
143 293
38 341
577 5
675 944
362 509
53 824
771 485
3 15
114 822
776 269
386 464
974 70
383 406
240 864
317 996
927 383
675 750
141 310
415 427
218 923
261 817
232 703
675 383
514 163
309 549
831 864
334 392
300 232
46 508
710 807
180 822
898 181
202 518
370 461
150 302
962 864
998 98
818 508
343 315
419 283
978 246
851 380
599 746
128 152
590 923
901 532
974 122
358 751
31 287
91 32
793 292
78 222
778 176
393 918
46 952
105 156
214 302
660 188
988 705
283 95
976 249
257 870
746 415
177 904
198 882
604 785
78 504
318 427
484 951
911 566
878 99
331 340
311 934
755 276
114 436
152 745
997 383
927 644
473 51
610 692
649 16
557 647
924 142
526 878
312 701
216 331
454 965
551 489
610 551
576 763
848 880
902 605
429 761
798 514
252 520
869 919
672 61
925 645
628 134
565 430
415 587
435 137
239 919
931 367
154 291
299 982
598 302
583 62
285 663
605 514
531 355
952 908
131 17
540 147
394 943
303 887
70 916
786 367
725 210
457 419
577 402
157 930
763 587
253 537
515 964
348 819
947 72
705 502
121 255
563 976
340 351
202 344
991 600
278 925
176 883
990 384
797 788
980 414
603 557
235 417
555 846
684 362
386 421
444 723
193 981
271 610
328 108
954 160
612 900
120 666
111 132
927 151
675 198
884 530
879 366
536 256
774 270
873 202
464 235
928 698
360 428
837 678
380 951
290 427
521 573
724 744
138 247
479 818
704 788
104 32
357 338
68 667
659 280
878 140
612 472
902 140
935 406
484 939
964 477
68 554
289 44
165 496
807 1
759 264
149 555
826 381
208 812
227 24
191 445
873 558
307 144
968 758
666 841
683 797
86 316
514 773
108 412
218 620
271 410
243 979
942 613
445 403
891 847
753 930
481 359
45 542
688 979
139 729
620 406
992 597
641 936
344 856
472 269
936 124
740 926
173 267
31 893
876 206
933 290
408 420
368 159
173 156
710 77
13 307
508 749
720 973
115 949
41 570
633 48
304 292
16 232
92 387
117 143
741 570
615 81
622 169
14 790
524 231
72 62
628 19
738 751
228 729
225 512
771 197
561 110
300 470
772 840
579 350
871 542
893 34
676 536
420 752
938 483
102 680
258 365
299 436
119 303
674 894
578 316
261 112
299 453
677 696
627 281
954 619
406 902
557 702
209 464
691 628
85 205
160 252
65 177
139 918
891 13
70 674
127 471
576 547
744 889
344 103
625 42
791 759
60 355
278 430
175 18
982 646
431 132
786 405
588 777
633 656
532 832
844 754
108 626
279 161
373 6
487 2
74 101
438 962
505 359
277 305
11 749
470 563
73 52
715 581
475 504
594 910
758 933
215 506
785 407
550 913
112 621
646 592
757 371
318 993
176 906
785 544
827 109
613 404
560 864
499 12
417 257
414 806
198 376
776 908
41 482
530 866
206 820
615 424
671 362
953 145
717 408
422 764
535 641
122 674
143 178
823 556
384 771
461 299
389 30
797 433
301 706
910 720
710 404
270 307
843 735
1 87
682 851
241 129
246 690
270 383
899 750
972 8
170 30
119 81
247 28
29 329
934 468
791 565
21 805
5 480
759 97
13 981
749 75
814 731
381 967
539 437
133 332
155 396
782 91
216 142
179 2
626 361
520 70
891 887
231 494
855 656
454 11
832 327
425 791
399 275
277 627
773 542
745 827
248 509
157 989
184 697
508 253
166 633
802 645
145 690
6 637
649 738
562 5
454 403
344 129
36 172
735 610
3 445
866 655
557 294
201 372
662 219
270 800
751 425
55 486
96 253
557 32
901 301
30 160
733 895
437 162
148 171
474 364
927 835
215 109
536 340
663 965
996 358
834 585
92 761
216 784
270 493
630 999
99 637
636 332
780 758
640 33
255 870
235 41
254 655
437 501
44 208
57 279
911 157
109 477
511 601
863 756
778 354
617 333
911 2
824 156
734 611
881 413
610 693
77 924
834 13
172 676
894 857
588 28
972 131
331 13
148 653
835 397
263 908
782 132
658 494
92 854
166 217
4 12
652 656
429 521
657 814
967 9
899 889
682 395
296 194
889 325
530 71
913 85
232 790
442 615
919 219
27 963
767 317
35 460
507 667
382 789
572 317
425 543
353 241
410 104
946 102
783 705
128 625
276 418
384 331
325 12
400 989
420 272
266 926
150 233
542 703
176 884
943 932
236 616
864 449
993 163
654 728
897 933
55 85
186 164
595 192
504 319
971 913
491 715
384 143
846 499
868 623
542 1000
375 553
802 877
125 2
524 290
567 476
993 623
812 485
6 52
462 666
125 889
266 385
108 842
452 468
916 59
129 345
707 86
161 46
642 727
437 457
275 34
869 502
636 455
582 933
537 457
886 539
166 27
574 996
96 803
237 430
165 209
352 824
424 341
521 73
763 42
782 96
530 137
415 921
182 956
277 856
630 318
853 21
250 58
947 976
930 798
153 25
882 519
989 206
723 633
9 28
528 633
585 632
880 44
532 685
828 196
900 329
810 963
246 209
448 152
940 790
164 204
204 765
9 794
895 125
553 244
239 761
538 320
846 760
818 208
358 153
736 329
257 832
330 438
520 602
466 54
233 321
224 12
618 180
581 64
33 618
31 35
287 949
344 661
332 738
900 796
885 506
353 729
10 362
484 308
251 515
432 167
824 681
972 545
556 160
613 337
318 695
524 454
141 914
971 667
94 862
294 396
522 227
464 103
926 65
487 865
9 157
122 766
380 186
611 21
219 380
38 784
947 624
790 910
207 808
384 87
83 886
104 315
532 269
826 558
722 655
501 444
825 366
863 482
299 627
670 518
393 506
285 572
398 837
437 993
630 282
841 769
240 920
810 284
596 269
511 92
838 326
199 760
3 21
296 41
429 883
446 851
305 813
951 658
18 714
2 199
370 781
433 301
1000 832
586 25
689 298
18 605
554 571
22 125
150 38
596 82
492 648
447 992
429 21
840 388
322 999
533 110
914 675
431 938
24 593
483 980
944 674
597 616
839 735
465 237
976 723
229 265
432 250
606 649
142 912
106 471
881 987
698 243
383 897
543 9
987 147
522 308
831 258
390 540
736 859
396 885
272 811
368 976
16 726
578 639
483 481
265 182
216 676
418 396
385 637
886 673
116 593
191 129
671 395
911 184
345 509
518 490
721 254
194 22
674 812
74 992
934 378
27 442
816 613
857 383
856 778
136 18
502 971
543 867
758 312
649 212
797 133
173 654
601 243
412 278
485 888
852 94
293 53
459 789
744 741
965 515
69 478
269 12
37 48
259 10
995 820
512 11
199 732
455 630
66 691
982 909
883 676
885 126
995 530
917 691
790 163
704 160
903 384
631 543
193 685
358 161
433 126
533 899
880 929
560 559
392 945
687 398
653 298
879 630
421 562
484 494
802 983
148 197
441 309
684 279
297 953
343 426
368 798
422 575
235 928
261 499
484 204
546 323
674 396
693 400
347 92
168 825
725 815
484 83
720 61
142 569
215 989
751 255
149 893
419 712
168 968
7 945
285 810
271 238
937 736
461 462
752 673
470 100
843 762
707 329
147 67
981 856
307 777
308 502
806 349
55 843
481 526
78 664
373 520
155 333
484 663
32 496
624 634
455 22
793 935
464 619
730 378
967 123
182 977
692 408
22 526
226 941
50 383
468 978
737 543
443 660
444 75
511 109
744 592
286 845
69 323
822 771
179 831
291 857
37 165
594 674
756 871
47 380
106 984
947 258
326 205
516 277
979 149
746 648
837 223
32 666
197 48
235 133
899 308
277 360
524 927
984 684
306 488
630 34
718 413
420 941
529 960
253 69
662 228
23 570
500 773
608 950
20 812
183 304
511 779
485 850
195 222
927 145
451 104
38 696
534 285
680 532
907 429
110 286
57 402
976 840
828 937
371 814
542 995
747 699
495 337
962 262
216 668
18 494
950 751
533 317
312 175
220 968
649 336
330 958
561 524
716 360
602 67
878 673
783 42
877 955
6 203
791 527
332 496
852 527
947 821
482 436
9 828
499 960
929 755
201 516
633 521
691 425
828 250
622 723
628 788
118 114
840 828
164 313
285 507
681 44
554 802
776 376
481 470
770 842
26 234
182 759
637 804
31 895
932 202
439 458
796 521
727 791
193 740
547 405
396 447
20 627
771 221
58 832
940 700
950 424
746 895
28 722
582 137
984 648
16 234
969 212
236 589
279 579
586 350
638 176
909 968
876 637
163 250
970 758
827 67
405 153
634 571
817 105
121 612
966 522
647 229
443 459
802 142
992 352
96 277
632 199
742 188
530 772
33 292
252 168
312 365
646 950
25 904
446 216
85 632
746 322
685 741
379 132
959 107
564 377
32 346
273 672
129 644
540 738
942 826
890 619
82 860
670 357
564 232
540 785
243 659
355 77
700 441
503 349
985 454
397 336
550 158
623 444
458 334
933 657
759 12
160 476
43 617
852 769
134 832
602 744
969 555
937 5
373 915
249 157
767 359
329 213
992 627
494 973
724 426
377 193
710 141
783 627
589 980
739 367
940 546
321 538
408 435
164 112
628 701
596 83
463 420
13 341
126 166
571 279
569 3
274 771
439 95
245 284
546 747
158 765
234 15
714 309
842 334
809 556
940 401
150 257
718 324
746 117
448 720
487 593
823 923
914 981
371 968
840 65
475 934
186 447
115 463
977 472
426 366
617 113
210 457
598 748
600 833
837 636
935 291
205 194
668 766
212 802
873 168
566 197
328 531
795 741
885 785
211 830
910 726
432 561
604 959
453 901
976 62
351 334
522 998
371 516
246 688
473 468
554 279
114 286
811 396
856 531
434 409
109 25
423 913
133 313
246 338
411 907
393 388
587 306
723 722
406 642
541 349
835 544
766 788
861 544
210 33
350 63
744 742
139 658
855 658
895 833
640 929
491 391
734 449
403 957
984 4
883 822
732 593
254 309
382 846
843 456
352 301
140 30
141 307
953 789
1 480
656 492
936 197
240 754
929 731
352 412
758 788
210 982
62 783
945 137
748 346
107 354
311 116
116 476
872 850
689 140
84 690
386 476
832 692
561 458
335 995
764 695
438 22
158 24
189 942
228 916
465 462
964 32
426 435
210 282
177 675
396 907
132 609
553 276
419 715
42 370
538 543
426 213
47 647
252 71
713 723
536 116
795 705
261 37
209 380
613 498
485 455
882 93
773 154
137 120
263 744
731 256
367 596
482 318
749 156
731 689
270 47
256 713
424 379
111 990
463 570
563 488
386 811
277 834
66 998
502 71
624 857
611 37
278 340
112 773
984 113
737 655
60 148
586 380
986 690
606 123
661 119
921 497
649 546
10 816
852 31
528 317
430 109
35 351
842 85
787 684
905 793
374 734
620 226
55 177
314 893
187 505
741 946
745 567
317 630
121 365
845 596
449 745
630 195
232 557
675 493
929 295
129 465
847 171
435 917
632 61
336 650
279 796
357 236
327 964
451 736
917 138
242 860
24 471
837 675
15 667
945 425
921 541
497 874
828 938
189 660
685 879
970 12
233 816
87 53
253 301
256 361
116 569
702 498
59 604
958 856
65 543
66 368
319 902
67 185
569 415
147 241
424 938
960 876
794 776
747 984
200 613
864 732
938 191
248 925
592 54
151 943
523 600
85 167
1000 891
415 778
949 334
825 460
934 18
312 893
350 213
818 571
956 668
907 774
481 267
706 452
831 951
430 316
179 124
607 4
203 322
627 402
605 697
965 730
496 295
957 422
5 617
156 715
258 457
611 831
121 495
690 178
283 712
417 830
392 203
788 795
571 413
164 93
679 878
520 973
206 496
947 398
880 923
136 837
732 831
770 28
115 807
443 236
444 515
141 605
490 193
334 356
456 113
366 341
197 966
597 674
2 724
495 33
150 580
633 384
686 378
45 274
584 220
508 172
242 832
522 286
772 371
907 456
911 6
641 164
328 873
124 33
11 364
172 313
93 899
259 967
646 209
78 567
656 773
347 466
394 545
252 365
825 259
187 790
683 237
956 316
265 340
252 732
85 731
612 172
78 832
619 632
982 298
360 613
886 182
647 876
304 808
914 783
148 905
365 637
934 508
198 39
363 462
681 15
390 981
965 847
723 485
908 225
602 954
767 68
714 80
970 934
725 184
37 461
511 282
993 15
496 545
61 471
64 293
338 188
672 548
305 13
552 26
736 343
681 698
315 84
465 711
463 340
720 827
866 601
888 1
210 21
798 402
429 309
33 628
382 495
789 181
150 497
785 694
423 296
194 592
44 111
115 462
832 980
155 807
82 765
906 798
907 500
105 164
514 760
471 429
807 228
741 96
997 246
411 767
123 201
110 49
661 431
976 63
321 238
449 465
431 353
146 403
920 662
673 482
17 646
187 818
494 434
887 41
799 987
431 71
1 906
61 966
791 172
598 151
88 988
473 870
807 697
386 887
278 329
117 351
783 93
967 439
592 427
547 913
259 12
50 683
586 345
713 505
326 84
295 476
112 192
221 418
175 363
460 778
410 19
69 254
348 811
173 336
570 146
370 702
867 558
406 190
210 983
983 688
78 293
658 623
326 897
314 969
222 566
137 880
282 363
546 524
629 362
326 528
166 472
513 523
850 150
357 870
84 546
803 20
821 323
512 674
215 249
424 236
923 780
945 852
109 583
38 749
555 405
591 499
580 96
413 71
566 55
205 776
785 956
256 142
920 933
993 689
191 86
642 718
384 738
649 314
651 868
803 545
146 356
772 688
169 925
422 505
333 658
221 849
459 68
526 882
969 823
915 441
187 862
665 693
575 483
208 723
818 532
247 146
928 60
415 934
880 293
933 805
533 848
701 329
192 871
283 80
701 157
308 645
576 223
899 890
293 215
500 429
669 668
193 323
357 361
236 423
628 929
40 202
938 687
947 329
981 267
585 978
912 270
202 98
297 334
710 202
235 246
642 298
93 204
667 133
616 827
935 455
303 593
953 816
789 410
706 980
323 744
16 128
131 721
227 888
694 408
248 206
318 956
931 199
272 568
86 40
152 158
7 96
484 275
729 952
181 285
73 700
94 982
241 514
298 731
135 316
263 267
214 479
527 354
272 742
959 403
764 809
911 476
362 597
627 483
949 449
191 344
685 767
981 536
980 973
285 17
87 165
345 318
912 783
891 263
214 40
968 540
719 65
612 427
61 699
564 278
32 431
769 590
591 779
243 697
618 983
549 727
17 334
844 405
22 697
276 665
668 235
229 711
450 660
92 821
169 36
832 484
27 130
190 754
909 288
583 905
749 417
352 537
840 830
782 897
577 449
796 494
417 844
408 569
226 256
417 829
328 496
443 1
546 850
634 538
732 905
511 502
205 519
810 891
528 56
124 953
931 901
864 480
292 841
188 938
172 487
210 46
283 902
125 449
987 490
861 461
936 956
559 634
484 416
653 511
830 149
237 664
914 912
719 832
333 133
461 80
875 691
944 118
34 226
806 844
328 795
294 792
389 260
547 928
220 648
792 57
617 36
925 227
747 665
786 555
648 600
280 380
372 738
217 807
950 713
474 190
536 173
789 709
464 376
47 559
57 609
717 163
872 148
191 332
383 200
947 787
216 263
70 678
456 790
878 377
570 566
240 189
4 48
598 136
265 676
708 728
919 318
978 790
129 220
248 519
924 400
728 273
265 565
161 996
183 611
38 290
921 654
47 33
395 595
786 288
151 13
827 564
244 994
117 412
154 406
433 373
969 267
163 348
22 129
723 884
649 633
706 634
451 601
325 48
73 175
257 816
439 40
583 14
480 167
482 525
822 834
763 740
927 279
989 332
89 917
810 863
349 975
836 979
488 609
948 598
421 847
25 46
851 246
376 214
34 292
492 936
444 933
132 548
646 743
557 56
831 553
318 628
300 39
722 324
329 242
491 660
148 147
115 32
885 588
389 403
466 970
225 657
554 208
360 488
511 229
301 685
863 527
683 413
605 911
962 332
485 417
589 43
61 626
912 191
782 402
413 309
217 940
824 132
846 533
501 492
906 406
765 603
15 150
19 211
38 29
187 821
248 328
960 738
100 957
81 674
526 177
675 857
69 586
945 636
625 202
994 385
903 825
958 316
28 289
397 84
74 419
917 877
296 121
667 410
718 350
563 221
710 348
508 988
786 260
899 63
352 688
919 32
818 949
749 651
326 228
329 64
631 619
409 216
263 577
163 457
576 126
280 683
499 289
761 54
912 35
743 194
589 728
153 76
864 634
357 788
983 544
73 421
229 298
598 941
177 455
239 129
520 936
85 917
435 693
324 385
343 423
551 578
474 306
384 86
741 336
98 818
836 100
181 169
552 563
275 300
737 489
99 528
846 575
279 984
5 101
640 182
107 817
716 609
903 314
356 16
708 205
67 223
472 557
380 142
807 139
722 417
299 496
178 707
426 769
182 308
293 658
39 498
781 701
489 915
698 115
38 174
111 492
95 939
473 109
1000 289
339 372
584 544
803 798
643 565
833 199
339 522
587 464
863 39
406 684
423 710
796 124
709 973
191 634
766 822
982 339
964 954
291 636
454 216
844 336
713 404
705 62
100 544
672 417
235 971
348 746
169 489
170 562
64 209
84 28
835 828
343 801
684 803
577 405
411 469
162 981
552 181
127 47
825 523
870 909
74 683
177 176
534 212
667 821
226 287
604 360
396 357
337 315
391 34
603 544
49 210
713 32
822 322
955 111
810 934
289 681
163 848
920 373
495 15
777 684
785 893
733 863
882 443
183 418
684 389
500 550
694 42
162 123
860 326
863 929
986 284
971 576
492 93
238 65
369 310
8 732
794 999
73 878
517 965
320 916
95 745
781 848
327 266
516 114
483 24
165 332
312 912
442 963
445 204
851 953
946 627
483 715
329 421
430 351
240 146
873 674
109 880
162 63
117 357
553 424
948 315
911 689
308 666
40 792
402 419
954 963
942 729
875 342
737 681
463 175
320 87
52 534
255 9
468 88
235 213
642 271
678 465
150 30
3 888
323 566
914 699
989 21
700 232
918 19
542 671
407 538
12 234
309 536
279 604
230 42
15 938
72 212
68 32
750 956
452 135
474 379
775 45
462 472
983 206
529 707
872 363
916 133
777 601
669 475
290 456
4 622
704 710
918 754
449 681
124 493
205 172
560 389
172 955
677 722
345 281
437 297
699 586
95 717
996 24
726 353
532 829
806 265
844 639
554 449
812 521
530 342
458 333
852 925
29 386
896 775
472 33
610 859
347 867
649 781
652 596
249 305
50 258
30 884
605 724
87 893
236 89
164 270
219 260
576 966
38 994
781 81
545 605
342 661
369 441
53 814
700 319
176 744
909 37
586 434
714 207
329 171
224 351
650 855
425 728
887 568
193 596
657 421
641 568
783 749
649 713
124 879
732 878
1 266
183 38
80 931
334 438
983 356
505 580
215 497
55 104
441 428
723 450
962 790
618 148
358 411
106 64
489 88
720 716
422 900
349 764
777 667
81 774
723 435
854 923
525 729
796 582
328 937
384 75
348 308
168 690
777 740
244 325
7 171
85 711
417 245
612 552
850 869
599 802
379 327
845 94
350 708
670 27
964 380
416 314
949 192
147 186
479 881
134 340
483 370
302 794
964 387
33 39
307 896
768 190
209 422
263 641
850 251
713 790
365 27
402 39
510 988
518 377
646 322
299 693
269 469
548 928
494 432
543 950
378 201
640 646
240 218
94 261
8 208
585 730
160 507
1 825
644 69
152 847
852 800
622 654
571 648
663 617
297 199
31 530
126 404
861 991
19 654
829 161
335 424
136 594
162 974
434 939
2 167
844 610
224 379
629 585
851 159
597 822
121 229
728 955
838 64
269 891
453 238
573 301
886 348
210 981
712 623
487 259
935 815
964 808
926 694
193 850
514 44
698 945
475 328
457 965
612 799
847 208
885 269
979 840
598 930
399 579
438 495
43 413
567 286
375 576
506 785
814 863
825 675
419 494
907 638
756 397
59 855
280 104
941 269
854 534
926 483
927 846
708 712
417 145
862 785
993 582
812 510
335 691
998 465
466 574
674 507
659 405
973 13
781 986
930 192
290 355
412 378
223 451
427 198
921 749
739 82
119 131
412 33
394 532
108 656
237 52
644 372
541 28
925 381
433 871
986 893
896 242
477 630
976 315
354 227
708 642
933 83
456 815
844 450
889 324
629 157
899 863
249 376
965 594
109 796
767 618
593 599
978 991
313 782
154 301
635 444
984 116
506 248
469 500
880 5
689 737
502 356
620 63
454 266
934 512
477 171
762 267
780 414
206 999
583 491
419 78
386 157
261 799
633 30
728 774
418 810
771 882
166 888
35 15
220 17
813 4
561 491
376 783
218 894
719 878
449 930
698 183
699 210
809 778
267 846
133 865
988 780
993 610
99 527
724 758
929 218
731 210
399 234
21 676
78 431
134 141
104 38
357 348
68 641
18 490
589 97
717 44
171 136
651 642
379 109
548 794
954 593
378 303
929 917
87 389
787 51
578 500
651 608
433 643
786 137
555 989
113 155
356 585
854 216
13 792
526 316
269 366
52 834
127 398
200 981
243 985
541 258
840 977
112 44
136 268
320 57
495 648
137 948
396 85
71 469
994 168
260 548
671 538
395 791
932 246
741 834
723 203
390 526
482 615
410 248
395 868
602 852
495 991
193 873
557 523
741 254
944 266
138 337
429 462
877 787
917 457
242 669
261 533
139 121
432 205
712 608
508 312
642 880
37 874
558 324
997 367
789 112
794 550
764 110
403 154
505 655
977 1
81 84
883 507
534 543
167 98
376 743
695 760
608 402
111 321
95 716
207 902
225 966
359 843
96 853
596 854
317 307
997 433
199 179
985 437
616 155
359 553
880 272
952 253
327 15
131 288
132 15
579 958
283 109
142 160
71 10
695 972
717 532
847 613
766 425
939 773
743 532
635 503
395 708
657 233
565 480
386 592
821 534
454 33
574 374
164 539
424 227
353 195
406 439
390 968
463 130
639 293
287 336
878 955
607 283
735 854
847 296
832 31
980 143
602 953
351 750
482 523
587 310
513 406
861 446
96 120
757 381
10 440
963 466
68 246
875 782
548 184
163 154
220 473
516 670
369 825
760 62
101 330
301 888
448 724
486 316
305 433
832 586
854 523
945 813
103 573
141 800
971 813
788 493
590 49
537 171
315 533
108 888
716 196
702 574
613 193
432 934
17 968
90 142
25 537
168 464
443 616
431 765
964 27
329 863
880 741
358 318
868 96
885 910
286 43
910 500
288 67
489 838
623 367
131 399
259 706
51 164
986 777
147 889
528 567
633 596
964 832
575 184
277 667
540 23
423 685
190 648
763 326
726 846
713 459
457 319
822 39
263 265
905 519
75 969
900 270
301 263
508 845
74 131
831 907
943 793
625 532
37 494
38 523
391 171
804 64
275 882
77 111
719 119
371 285
693 840
784 156
625 886
954 292
993 778
315 482
79 325
101 285
841 942
888 143
82 442
51 953
177 342
91 392
552 678
972 960
831 476
483 546
121 657
983 241
824 614
570 86
774 180
63 183
120 471
907 277
926 115
105 133
896 34
901 319
820 897
254 689
38 962
555 180
25 757
247 472
553 923
91 884
937 628
939 162
232 819
524 687
873 938
719 362
626 82
137 205
217 445
397 259
532 977
739 158
621 94
881 241
131 376
317 93
448 404
985 179
607 44
576 912
848 917
98 108
351 866
890 240
455 985
527 879
621 128
37 223
494 798
478 355
961 859
9 630
726 709
527 924
479 845
810 608
634 108
346 509
799 508
710 201
453 48
326 198
684 940
352 461
482 576
860 547
892 923
831 828
619 30
235 371
850 230
188 897
11 952
927 126
505 723
828 721
116 723
311 62
250 809
694 270
805 751
423 284
405 241
158 987
185 863
516 997
665 421
59 882
885 514
335 737
538 2
246 931
25 436
397 867
826 323
919 994
191 119
413 473
458 738
518 36
502 763
773 250
564 273
507 128
181 847
352 847
114 290
189 340
147 832
904 69
120 498
17 476
808 481
91 751
221 596
282 968
799 813
486 536
636 577
770 549
848 625
631 926
743 576
299 811
838 348
663 652
499 588
559 82
636 615
653 411
378 851
839 834
61 350
120 138
697 846
439 779
386 207
315 223
788 918
828 407
168 442
131 718
390 297
275 539
37 664
334 122
266 250
548 276
665 16
573 679
228 936
157 372
414 93
92 173
241 547
383 888
571 693
7 214
474 411
203 619
557 260
261 327
356 91
216 718
52 380
643 947
471 378
254 638
95 702
497 155
336 39
948 339
472 999
272 995
94 610
664 485
646 213
63 429
180 79
551 72
592 903
215 599
455 68
5 501
236 154
355 112
448 318
479 545
30 600
57 990
352 986
912 540
553 982
860 910
627 941
397 647
744 655
448 476
625 316
514 659
240 926
437 796
316 67
511 446
726 658
675 924
866 188
198 27
606 164
539 125
478 315
762 110
47 322
141 185
753 673
3 168
847 299
461 604
499 729
279 303
852 83
641 469
162 539
677 87
580 549
690 37
139 297
72 788
991 921
420 192
103 201
591 84
996 644
79 352
263 25
896 91
922 782
276 484
561 50
618 37
301 887
201 419
987 99
228 844
45 370
654 948
849 136
975 632
464 170
779 165
655 638
696 517
702 575
581 610
307 533
199 483
988 612
717 98
721 103
178 43
981 733
562 463
289 147
972 944
640 398
69 900
517 172
905 74
190 988
997 468
489 837
678 881
901 158
171 830
393 399
565 289
895 622
146 177
402 870
139 824
179 11
507 918
968 953
496 751
636 969
340 254
268 371
530 90
823 613
40 210
630 235
408 854
339 830
800 316
50 439
178 64
658 822
298 137
58 922
867 372
500 363
248 260
410 31
504 878
987 875
325 128
398 756
315 150
942 497
671 733
693 949
931 879
288 750
805 775
790 165
629 67
956 149
670 778
339 141
267 408
178 309
788 590
92 467
818 357
582 202
956 507
742 396
390 497
543 181
232 581
802 977
470 579
602 143
291 332
441 319
25 184
368 756
603 743
175 966
274 146
646 849
686 438
932 594
314 265
108 861
792 116
946 921
637 254
200 511
250 622
207 968
963 922
379 67
752 679
146 352
538 6
938 196
761 863
868 5
915 76
184 194
316 967
905 102
7 738
375 420
415 797
199 122
899 576
739 129
939 323
302 385
322 323
179 502
456 849
28 724
330 886
520 410
136 387
960 368
385 948
32 835
841 467
342 608
71 354
878 534
784 239
118 276
687 116
999 774
212 84
861 801
164 215
169 188
22 221
39 785
957 270
302 61
785 165
415 486
642 294
801 268
700 601
795 332
672 753
179 400
639 77
126 144
29 546
277 370
25 457
852 506
659 902
89 978
970 845
534 90
559 765
173 82
837 507
529 954
72 187
606 696
989 208
918 852
950 165
715 864
348 335
884 169
614 118
742 59
907 82
909 640
894 454
660 378
399 470
306 750
76 577
744 427
388 711
750 641
876 836
492 115
403 128
93 773
330 914
685 874
997 40
38 419
530 685
87 48
968 802
775 377
816 886
29 119
474 166
440 106
494 157
315 826
924 964
7 544
798 821
695 599
402 986
946 671
708 962
433 816
363 563
489 908
787 53
644 362
442 974
995 182
63 366
670 386
889 497
35 853
184 333
26 560
393 455
622 874
680 557
293 102
576 590
973 708
249 282
514 652
312 608
921 694
575 737
174 842
50 492
365 549
828 195
900 304
478 348
486 421
728 87
31 980
202 386
3 79
187 314
316 414
524 859
562 482
302 89
361 739
383 342
837 664
278 966
448 957
941 692
641 578
624 262
81 637
79 30
527 159
84 640
50 385
793 936
816 327
893 871
175 664
34 284
839 641
2 830
573 565
222 669
618 206
181 460
326 751
93 381
311 298
376 924
323 119
238 262
352 697
495 413
650 468
390 219
671 382
980 880
345 636
586 642
551 916
392 395
12 696
215 899
594 264
336 24
797 421
84 132
622 202
952 306
860 587
210 38
68 695
323 435
15 9
199 284
830 390
928 154
655 217
696 934
643 737
551 472
332 274
830 17
251 162
549 759
1 929
18 1
309 138
652 704
805 171
844 260
848 975
531 306
39 13
23 470
32 907
505 382
80 647
47 333
966 29
173 177
250 426
254 402
753 561
652 155
754 989
867 646
852 306
712 709
710 816
900 872
867 791
941 4
853 840
642 163
970 532
665 66
685 127
525 726
283 791
586 964
275 679
828 521
858 7
581 847
323 83
310 895
612 555
137 283
559 888
543 530
871 570
360 492
180 671
412 48
630 915
542 197
873 146
346 50
719 108
649 257
741 107
137 501
912 957
17 607
164 794
860 559
718 486
64 698
161 344
294 28
497 480
705 667
192 626
375 451
584 520
599 938
700 922
687 652
564 121
452 49
446 371
557 956
766 798
808 442
327 130
19 437
627 904
231 331
742 509
523 837
584 885
587 371
697 570
259 115
173 425
139 226
956 944
766 503
26 189
568 696
198 501
393 549
884 658
991 734
98 392
832 125
960 162
615 802
905 743
690 119
124 799
20 578
390 724
50 873
899 147
81 581
813 396
961 697
84 696
379 824
714 339
879 639
129 463
242 592
131 521
101 283
304 115
514 778
824 778
897 962
419 258
405 219
580 335
825 672
75 52
172 201
395 362
417 150
764 553
315 563
638 831
259 868
959 459
251 814
747 869
713 725
351 283
669 162
651 667
946 873
928 484
696 768
324 577
882 87
39 494
868 388
906 295
229 972
341 130
659 229
551 19
420 535
424 722
367 594
460 272
479 116
320 387
29 293
285 987
89 202
536 903
901 241
725 477
835 629
433 757
342 903
398 149
570 420
6 159
467 291
14 340
618 715
352 737
904 792
689 742
541 605
1 548
847 381
403 844
969 689
92 658
738 156
166 669
261 907
61 425
923 306
211 4
33 868
839 638
990 510
372 49
546 698
214 788
291 13
844 871
993 187
944 353
836 791
11 289
345 980
953 533
37 236
405 142
813 1
154 910
722 61
442 581
764 576
341 753
585 371
860 211
918 951
996 435
997 966
105 214
124 342
307 686
73 560
536 440
241 406
812 477
480 542
245 786
237 866
368 543
521 437
319 908
46 191
185 424
459 313
336 204
228 458
798 826
782 479
986 58
242 282
744 104
104 199
929 938
749 233
237 806
77 684
173 813
82 770
446 355
964 740
215 546
971 128
240 150
739 188
761 596
653 628
739 13
939 575
974 758
964 922
44 828
709 574
397 527
567 688
204 450
662 423
974 690
539 147
614 757
980 7
788 160
537 630
849 964
813 673
692 740
373 218
874 401
469 759
595 281
444 315
562 114
690 63
434 705
664 670
221 135
791 287
794 97
661 441
603 915
819 718
179 55
235 503
254 81
625 675
144 439
224 4
119 845
80 234
196 490
508 452
291 438
628 501
813 101
300 56
451 188
306 745
533 166
859 285
115 75
977 356
707 911
529 711
306 888
715 930
629 638
703 731
725 895
318 703
696 619
436 814
937 775
812 449
560 42
547 820
699 977
59 638
360 175
837 931
553 832
584 670
17 515
751 786
829 612
406 927
798 673
657 563
847 832
919 599
151 969
557 710
576 473
84 412
200 60
70 667
353 848
277 787
919 452
544 474
178 888
485 844
839 109
937 253
902 685
167 459
526 73
480 801
498 153
701 253
723 541
482 181
834 414
71 293
255 88
370 946
288 997
335 464
671 618
729 285
490 363
715 286
918 465
371 484
723 891
11 663
395 820
567 954
404 974
577 706
615 910
529 871
861 10
165 531
314 831
760 355
651 468
615 31
192 415
67 541
672 937
233 293
366 523
617 719
357 844
808 540
12 281
200 9
24 375
206 99
949 953
572 656
388 655
391 772
308 757
77 95
258 987
990 777
190 390
414 206
592 680
574 616
243 312
544 971
835 537
161 125
113 868
973 246
498 214
426 139
798 995
566 335
273 756
823 596
916 362
898 781
195 731
938 113
27 434
464 744
561 734
835 267
125 759
56 482
896 254
95 963
404 32
338 820
464 647
84 432
302 619
530 182
269 290
364 992
886 869
27 208
964 835
264 317
688 773
486 550
142 306
36 785
147 600
26 267
597 976
834 482
411 351
896 957
108 131
623 812
420 7
59 449
117 123
339 945
571 618
952 728
992 901
151 262
324 356
733 434
278 911
101 568
448 998
858 869
577 483
418 770
844 892
88 235
996 811
262 403
616 995
211 329
49 38
140 891
439 291
72 129
789 354
618 244
286 799
812 465
289 640
608 930
310 62
457 602
12 940
615 650
907 40
747 425
819 804
186 491
134 123
944 51
599 877
479 999
532 893
860 383
73 539
807 416
771 726
209 75
211 901
837 601
803 713
641 230
860 494
384 841
167 86
81 401
342 472
273 583
226 609
911 266
30 357
913 927
989 848
740 74
762 526
73 848
311 809
351 612
373 528
912 696
28 995
289 415
164 541
130 925
763 25
232 106
897 387
915 300
8 240
241 201
923 102
407 73
965 751
207 300
409 413
231 154
417 954
17 160
515 929
519 857
847 380
593 885
28 544
625 420
261 906
745 687
980 194
139 482
267 297
491 791
181 67
591 675
408 449
942 130
877 450
388 196
413 993
380 628
186 173
858 667
803 54
253 83
662 367
663 514
797 524
132 701
445 658
953 341
512 149
90 210
293 607
4 518
426 176
467 932
428 614
727 2
765 331
414 913
860 609
328 594
42 480
759 365
940 457
65 897
835 165
34 668
440 219
60 668
705 721
703 122
928 368
657 598
804 771
623 307
130 974
645 61
169 780
905 128
976 283
26 574
217 137
437 916
683 932
297 97
190 756
999 582
191 645
967 484
606 316
623 646
389 674
193 289
583 20
567 691
420 200
739 490
135 551
942 333
836 688
58 592
370 798
499 766
463 91
188 639
989 309
528 431
585 210
183 985
121 580
552 293
50 814
604 329
309 611
1 338
771 850
902 546
864 119
79 137
409 949
585 12
257 121
900 773
225 429
137 515
875 695
931 233
457 530
721 717
394 374
686 381
71 956
292 255
898 405
516 964
890 959
216 802
396 842
816 901
835 99
375 810
301 579
837 529
276 775
519 197
977 150
854 316
971 496
21 565
960 847
760 593
51 52
467 817
268 774
911 220
659 175
928 623
685 82
152 555
490 773
180 249
737 533
661 630
942 941
270 653
592 152
999 533
303 98
831 457
511 975
701 139
460 575
122 42
340 229
791 879
165 990
369 627
562 674
912 317
990 10
793 590
114 777
672 349
698 725
74 107
387 266
515 786
733 429
718 515
754 840
117 184
32 730
490 10
844 857
519 583
922 191
858 817
510 216
305 224
513 283
465 209
917 489
702 881
150 392
615 252
121 520
716 917
216 745
480 761
67 459
716 996
712 131
931 483
195 479
593 128
367 245
543 278
410 958
485 346
226 602
65 984
531 807
733 725
147 46
275 101
179 345
792 171
697 124
181 787
699 730
331 537
189 296
118 502
891 178
854 58
142 102
627 620
578 56
190 850
375 370
288 182
398 191
147 893
442 419
526 187
909 273
698 824
621 7
714 955
531 227
861 568
771 304
539 316
61 48
722 906
467 265
912 394
743 112
740 634
580 983
317 791
412 525
291 932
53 781
991 331
283 280
891 623
175 286
636 452
702 381
843 719
928 501
435 618
913 786
555 953
3 278
499 295
500 20
136 949
11 771
818 145
927 497
13 369
372 796
608 837
516 600
373 435
727 580
358 41
803 140
382 419
554 339
917 412
404 193
353 687
376 248
840 135
695 27
188 735
617 827
210 131
71 744
604 87
306 686
541 88
712 502
194 911
512 296
340 881
414 152
258 391
992 288
920 61
849 233
647 442
480 628
707 215
52 224
233 860
52 384
567 355
988 724
75 310
869 119
191 95
341 942
930 221
788 227
714 483
172 632
886 594
177 790
541 102
834 912
782 368
15 67
118 466
602 487
540 817
307 129
146 1
592 209
593 569
832 415
505 233
808 408
827 660
882 537
421 491
944 840
302 358
503 547
40 177
248 436
122 469
786 354
19 689
394 700
135 595
529 12
861 175
787 692
250 480
892 919
805 824
791 245
278 936
686 21
176 878
509 230
805 905
708 340
168 450
775 801
408 369
651 287
340 576
975 433
914 883
367 361
153 419
427 716
428 35
728 553
327 815
509 968
384 153
495 21
812 185
577 836
868 25
335 636
765 247
432 181
414 101
516 993
690 556
323 45
252 157
414 244
792 36
793 269
300 267
163 892
584 132
125 890
518 137
846 778
986 393
402 838
853 8
649 351
632 513
890 749
797 79
29 229
177 818
587 519
609 791
797 130
318 221
674 877
489 770
473 20
881 439
574 914
596 686
78 765
783 162
569 242
273 989
311 701
368 477
441 615
354 128
429 722
613 554
635 494
353 318
964 900
532 704
844 370
836 913
630 167
957 77
316 187
524 624
347 914
889 714
109 908
861 683
574 302
563 27
291 892
611 807
762 185
962 599
819 306
70 136
897 588
866 875
595 283
478 637
648 410
625 362
589 777
347 178
206 363
637 541
709 112
702 971
968 389
306 532
305 745
936 931
186 78
495 184
172 109
10 272
656 290
660 426
309 260
989 418
47 423
881 902
402 633
996 337
389 269
228 827
590 60
696 621
396 843
915 973
208 199
142 274
884 413
251 891
786 546
698 438
721 127
893 190
138 865
105 466
323 295
363 754
238 214
367 950
553 803
388 233
639 910
402 61
761 139
39 432
612 118
83 768
88 682
985 348
471 965
333 548
817 519
84 414
212 715
344 451
329 529
744 868
873 640
861 14
368 72
351 785
157 25
344 225
342 572
127 318
643 273
717 736
80 532
207 374
279 69
544 186
670 814
490 710
495 683
757 772
576 31
836 661
429 873
412 601
987 771
89 764
880 209
224 341
904 615
595 326
631 668
45 793
852 95
780 460
641 529
145 707
535 90
297 536
83 11
746 713
293 660
155 760
283 970
893 663
895 377
699 450
993 225
831 705
91 306
663 724
152 174
558 506
561 54
216 993
715 813
367 22
150 632
553 915
105 3
560 121
997 28
197 708
816 930
177 920
877 711
328 540
43 115
579 69
90 58
885 905
194 108
621 339
233 530
664 372
192 600
82 825
670 334
610 535
477 620
919 629
762 714
515 536
190 802
908 633
835 555
892 456
911 838
364 113
183 559
368 116
95 227
540 108
568 349
393 525
93 478
278 719
810 486
338 487
544 198
856 88
486 695
606 132
259 314
443 849
26 184
724 471
131 625
301 258
568 699
178 350
516 458
576 117
888 327
279 444
202 699
130 140
594 873
791 321
64 648
429 384
215 403
21 39
474 539
770 476
572 848
650 550
724 907
505 987
940 931
505 897
707 984
157 391
695 139
108 400
573 747
977 418
924 687
287 661
381 346
523 107
105 136
215 983
767 666
594 316
206 654
726 999
78 118
345 298
808 974
842 958
366 464
459 286
649 290
801 111
363 698
240 399
506 809
748 559
858 27
678 774
260 123
209 533
816 571
982 392
317 966
259 293
709 285
563 352
801 427
655 304
223 748
531 321
912 503
286 803
326 25
75 795
144 817
369 570
226 133
887 728
691 117
198 103
808 183
44 633
749 616
753 621
340 808
547 483
615 417
185 678
221 160
594 954
496 609
867 626
175 531
568 949
699 413
760 157
210 66
70 960
845 988
956 411
673 683
67 356
909 555
127 616
243 39
872 597
391 825
765 246
762 87
289 787
987 164
266 720
263 390
279 900
599 883
730 718
747 548
489 308
533 97
368 899
966 366
330 190
506 529
470 188
73 902
974 380
571 551
712 299
986 406
915 142
406 123
522 980
669 131
356 130
397 576
339 53
476 991
204 78
223 178
338 984
7 685
640 294
218 350
535 943
369 154
812 540
446 358
263 852
436 312
304 950
599 405
777 853
532 594
352 930
297 103
126 756
877 356
382 578
344 979
296 169
226 54
364 200
240 966
192 121
176 606
230 737
344 63
767 474
491 215
513 883
429 203
895 102
54 514
199 559
900 594
293 763
226 395
699 328
172 328
27 631
709 127
859 526
452 1000
163 23
277 3
547 617
673 710
233 223
737 223
757 276
249 549
712 907
348 303
149 170
675 238
90 914
641 2
200 206
292 678
738 850
746 313
929 271
452 428
381 258
937 772
280 213
688 242
82 673
877 738
329 980
555 354
647 274
843 559
989 869
96 764
482 279
280 499
445 775
707 460
835 131
108 583
199 280
669 24
707 349
284 58
659 30
189 326
136 97
928 13
602 476
705 989
133 348
778 515
88 871
701 137
574 233
961 228
299 737
804 662
491 405
598 7
130 357
293 151
369 896
222 731
565 547
526 511
430 464
88 231
969 674
258 193
26 165
467 77
442 405
723 892
705 281
497 277
969 412
491 832
353 982
783 795
951 389
681 673
373 477
266 953
672 940
604 303
162 758
127 706
433 749
870 174
876 603
703 538
44 133
712 935
628 123
168 697
152 222
172 225
250 989
659 529
73 636
755 120
357 444
450 334
68 801
343 249
841 500
220 612
102 576
582 830
678 569
38 984
817 591
214 249
786 918
273 745
860 914
313 280
721 235
668 406
544 684
66 32
51 396
203 249
384 573
350 888
381 246
501 500
842 632
325 678
713 1000
826 713
791 585
811 279
939 346
65 105
484 629
123 415
165 158
437 601
853 97
754 422
661 874
553 907
528 557
302 328
984 159
861 935
240 959
421 326
619 972
745 918
463 255
445 320
66 964
912 283
454 406
899 39
701 911
779 973
581 457
126 556
454 289
793 729
390 569
925 992
257 788
211 477
433 107
567 776
97 454
709 520
300 221
528 120
12 169
417 479
325 318
675 952
422 840
831 740
63 590
49 180
620 549
380 706
163 188
510 325
198 7
116 196
372 366
279 754
393 679
765 209
640 146
42 582
258 523
403 199
589 276
663 985
270 505
608 370
225 806
489 633
364 515
605 509
552 857
590 305
316 766
928 614
797 105
263 589
384 618
924 876
851 820
420 79
359 905
640 347
56 18
95 915
705 891
557 762
445 160
298 985
536 907
166 122
132 62
209 677
52 885
970 464
91 665
836 567
792 676
153 730
207 523
766 830
514 677
187 567
347 345
620 423
322 638
421 378
739 499
596 328
280 612
538 449
832 46
26 157
390 906
373 194
731 247
559 410
779 51
322 947
898 751
129 269
336 171
723 165
763 676
193 823
16 776
699 13
976 662
198 705
813 142
588 377
524 327
193 679
945 798
395 317
621 471
966 948
988 916
534 296
332 976
629 614
136 205
135 311
447 481
711 852
858 440
51 263
471 511
129 890
574 596
445 512
108 958
55 621
276 878
519 226
483 979
651 810
284 305
695 573
846 955
995 479
262 728
446 5
449 487
937 602
935 195
904 365
99 355
890 602
621 282
270 102
329 746
131 444
424 690
920 727
423 956
624 657
612 178
631 118
317 10
853 168
122 162
86 329
790 587
594 803
338 650
359 736
507 597
614 798
795 144
601 417
896 476
593 965
980 468
376 263
374 278
951 126
182 581
588 760
257 946
663 14
311 677
848 661
318 900
391 459
691 193
322 868
128 641
439 479
297 546
279 374
541 863
709 493
512 807
343 547
736 325
845 669
862 261
349 462
300 790
505 688
606 782
920 443
97 270
979 920
193 787
304 23
380 667
667 514
990 800
171 656
586 941
842 563
555 566
171 289
300 459
484 312
310 148
776 633
453 884
648 754
538 554
560 46
544 931
751 56
643 966
551 241
698 295
198 343
220 935
648 107
281 861
503 48
86 24
161 439
324 901
437 674
789 573
60 675
730 231
659 33
661 627
496 177
570 385
725 288
490 915
164 592
991 45
669 825
194 347
697 688
381 935
728 282
455 785
549 980
35 71
847 531
350 473
523 61
151 24
165 988
563 200
987 916
895 807
416 559
905 637
908 772
122 267
73 197
878 834
516 15
977 592
501 942
670 974
162 533
734 157
575 887
926 563
581 746
732 870
73 39
572 991
349 466
188 976
192 403
395 22
586 239
914 806
280 886
29 581
868 893
164 271
465 479
260 104
693 543
148 164
461 107
779 74
837 720
471 54
977 469
599 826
584 113
569 259
253 378
223 582
869 80
593 773
949 200
219 499
915 856
954 830
437 424
170 225
885 998
869 417
462 585
233 647
234 744
891 398
574 846
96 665
722 581
337 737
221 621
986 254
158 632
534 796
368 404
392 25
928 187
378 366
531 6
75 386
807 845
960 588
818 127
249 507
247 128
728 62
217 85
273 923
204 885
596 599
333 855
192 789
763 238
199 946
165 110
38 500
608 535
333 808
170 219
654 226
857 918
36 797
202 229
97 793
408 860
468 160
344 878
406 106
887 615
340 474
107 49
884 671
188 150
465 639
463 28
690 112
124 788
416 183
625 525
681 371
535 120
317 615
799 295
31 201
785 477
112 567
900 954
888 440
706 889
582 204
750 802
326 526
921 94
166 765
928 974
550 537
876 696
932 378
499 247
928 829
529 754
181 271
295 315
561 161
972 669
220 730
284 703
216 797
713 591
478 531
493 271
185 38
43 192
929 167
312 159
132 394
103 909
52 161
107 298
852 318
130 887
21 618
503 248
261 700
32 465
592 69
578 488
887 150
748 952
89 205
306 422
860 302
721 496
139 973
928 54
378 245
145 188
623 505
56 369
455 411
847 949
61 992
890 136
786 447
985 339
878 325
892 605
810 901
382 430
382 951
790 398
919 238
478 362
62 613
65 263
853 358
10 418
931 548
895 255
37 169
866 979
969 164
575 937
88 335
934 568
330 768
207 78
505 298
912 880
434 726
816 450
257 224
884 913
172 501
870 228
230 7
794 296
427 705
923 708
393 625
396 636
533 141
813 70
828 607
743 691
836 50
858 534
620 665
423 490
831 505
902 334
927 810
548 477
293 970
994 841
702 622
885 700
798 29
516 846
855 84
323 191
918 682
189 538
246 981
82 586
233 718
15 386
147 250
406 773
100 58
377 923
930 367
164 863
508 375
129 692
812 655
389 234
377 516
673 55
70 545
472 816
532 382
39 286
872 685
798 729
161 756
539 475
460 384
423 524
303 74
877 209
843 65
661 816
430 729
84 347
585 666
866 149
2 325
330 118
245 121
107 104
737 785
494 940
636 749
127 970
774 777
222 986
903 431
466 408
84 799
451 500
639 111
841 188
73 10
201 221
310 297
477 312
617 581
555 779
261 652
103 307
841 926
491 533
590 771
521 792
854 657
244 507
283 769
732 80
219 143
742 204
186 60
817 246
231 604
750 564
876 791
401 795
474 499
781 916
789 120
150 706
907 453
162 148
769 484
986 505
952 329
551 867
953 240
371 647
834 821
938 570
413 438
87 323
96 877
406 912
427 407
36 972
66 657
821 203
548 949
169 876
592 826
613 873
472 187
914 46
558 641
230 982
51 193
886 298
773 778
647 865
709 908
929 516
514 618
571 871
937 113
748 53
656 177
2 297
701 105
259 170
266 754
729 352
839 799
474 881
330 253
650 860
245 462
249 954
391 302
395 811
701 843
746 820
193 732
433 77
658 638
792 315
179 547
887 849
598 812
477 886
140 844
586 236
777 169
609 69
367 317
340 635
145 883
591 194
224 916
902 363
561 43
151 551
529 533
237 626
160 165
573 708
963 248
909 706
685 735
826 32
944 155
418 302
38 591
869 8
574 621
764 875
938 344
25 737
744 135
879 251
95 808
80 255
251 102
365 18
277 159
789 592
403 269
406 956
834 59
940 405
1000 463
915 385
470 311
267 510
22 652
596 737
374 147
284 143
41 300
92 832
570 720
922 569
834 221
710 424
89 402
679 487
742 498
249 212
912 398
161 926
662 574
739 473
631 863
889 292
658 817
524 650
980 68
692 624
363 425
844 923
995 513
378 517
642 460
510 30
535 123
538 141
991 597
387 763
50 867
221 202
884 958
617 541
665 795
215 428
452 34
976 684
22 372
816 261
289 667
898 846
492 902
806 981
776 967
318 542
871 886
103 456
551 628
970 559
972 527
385 281
544 782
494 22
176 130
917 235
208 243
427 19
108 852
403 218
756 692
993 718
869 115
733 644
574 664
99 760
160 852
416 206
768 147
695 584
644 494
220 872
829 566
479 356
617 260
428 669
971 269
167 256
170 484
83 829
467 602
384 53
229 680
491 305
899 982
222 419
174 791
652 646
981 141
122 255
819 143
838 729
435 150
899 871
994 443
958 370
529 486
913 71
202 6
809 118
44 741
83 377
491 236
425 654
420 179
671 553
663 85
829 73
447 1
12 105
196 734
468 411
474 984
680 3
107 314
206 130
478 679
525 310
235 414
426 291
992 628
694 262
1 107
723 370
564 822
251 629
361 213
588 688
589 421
916 235
650 315
420 2
234 508
436 848
418 231
831 329
289 114
480 217
54 306
347 292
703 899
445 603
228 97
467 939
63 28
949 15
695 575
752 327
286 336
739 631
416 234
470 413
111 421
692 470
463 75
563 419
47 882
928 228
350 193
725 507
251 268
235 643
36 624
618 949
347 785
518 600
558 725
425 959
959 574
406 878
446 583
911 699
217 430
70 252
476 397
994 206
640 788
666 284
705 306
541 684
891 555
620 171
378 714
362 183
700 115
258 26
900 605
996 906
334 305
18 286
599 202
620 826
107 393
990 476
496 896
831 856
559 297
157 697
619 498
231 1000
234 28
767 138
37 575
224 26
352 856
547 254
660 958
76 702
187 255
667 521
124 199
746 2
34 134
805 651
115 81
152 197
390 67
357 52
498 338
31 311
293 796
584 683
793 380
777 583
7 206
409 587
341 512
821 278
107 866
824 154
115 367
43 250
25 923
375 801
671 500
569 342
32 419
312 233
111 219
115 284
423 239
464 484
428 583
475 740
919 655
362 845
251 93
52 154
347 558
887 168
104 297
209 538
810 126
215 623
520 379
494 418
668 339
174 540
933 785
596 573
796 15
51 192
222 351
648 126
18 907
844 259
180 173
852 790
795 933
35 596
52 734
117 496
853 428
602 620
306 97
658 202
397 182
934 871
918 376
773 555
888 593
504 858
875 189
219 689
770 803
40 28
849 794
791 91
575 992
942 477
502 468
729 400
982 994
165 828
538 182
740 816
562 16
206 52
469 774
936 869
365 949
70 704
654 891
979 969
455 692
253 820
823 200
291 459
281 161
452 94
793 62
679 266
615 251
54 41
1 83
738 642
922 461
997 951
543 511
158 27
361 173
940 924
718 115
979 517
926 28
877 562
881 567
85 39
439 950
741 3
394 260
342 438
200 459
954 828
354 512
711 117
213 331
450 111
233 645
517 771
699 608
403 415
837 786
915 56
20 412
742 657
696 73
920 529
904 182
857 250
584 926
499 833
460 457
283 64
911 834
112 30
94 130
956 873
593 609
189 118
248 558
553 499
38 325
421 323
776 174
317 786
691 29
15 649
787 558
352 331
852 8
671 564
49 749
66 645
862 417
644 764
991 711
357 551
568 558
590 559
352 425
850 360
978 309
318 850
27 643
763 669
582 179
533 119
766 965
24 951
510 110
336 637
317 726
490 250
733 174
914 776
220 7
58 486
623 731
119 819
546 627
214 749
642 158
497 543
635 593
135 447
708 387
67 285
91 387
113 591
976 971
647 32
741 325
523 30
962 530
998 380
841 695
729 258
383 824
82 725
245 775
871 599
133 407
238 432
954 865
441 914
224 526
7 935
247 290
691 176
915 886
995 700
332 28
940 769
868 958
767 485
342 77
769 717
425 279
227 159
445 844
262 642
393 241
87 507
271 240
117 53
665 957
195 586
473 172
41 336
354 249
744 785
680 569
222 416
759 203
359 761
341 350
274 361
795 137
412 767
412 172
808 300
903 679
83 376
841 420
742 604
736 606
18 757
884 590
574 390
944 939
541 711
736 502
458 546
922 42
644 720
371 418
117 202
154 68
706 953
283 616
965 924
288 770
145 655
862 300
420 263
462 190
657 689
634 340
336 601
244 114
882 236
11 947
582 302
396 751
993 813
478 823
651 355
926 299
145 826
862 985
300 482
263 238
803 397
941 970
882 430
161 221
489 312
717 448
534 670
24 83
669 381
119 426
821 418
146 666
977 172
651 815
502 577
216 618
180 461
5 879
366 496
8 342
786 989
458 634
935 252
574 772
707 357
528 17
468 695
5 795
714 651
87 415
578 491
187 793
114 347
869 696
825 355
165 194
958 385
961 99
602 375
146 886
91 742
133 221
402 263
352 934
792 643
888 856
812 830
339 672
670 676
769 522
758 493
207 409
870 747
545 590
469 414
805 20
50 899
705 128
580 788
176 594
361 602
433 325
16 427
382 800
148 728
844 589
314 704
913 519
920 618
24 981
652 239
709 490
503 977
714 432
648 234
921 250
671 125
282 260
862 667
651 318
230 33
840 373
419 370
963 393
686 276
968 25
145 806
276 440
759 779
285 547
797 604
113 704
47 160
363 335
257 285
459 861
8 901
595 971
642 616
972 679
59 518
656 596
159 547
352 956
111 218
721 114
261 223
466 655
731 441
968 981
327 338
608 428
602 134
584 645
604 600
952 425
41 42
786 241
228 356
44 895
768 459
971 212
312 951
721 429
632 768
778 700
446 262
226 313
701 276
798 190
667 364
613 760
467 386
311 525
991 447
302 304
657 231
142 345
348 566
477 854
494 876
500 489
401 772
47 484
654 180
602 621
487 221
714 867
218 882
148 781
591 550
406 77
724 440
391 411
766 599
804 368
644 793
558 835
562 446
249 905
737 940
562 17
468 476
357 358
125 144
944 158
966 814
136 878
768 559
474 512
955 51
561 472
453 418
275 574
333 204
543 341
944 447
876 742
237 624
394 348
680 393
609 293
685 904
443 485
259 625
927 863
115 675
950 20
863 861
183 511
168 844
799 560
640 166
739 720
3 922
423 61
590 144
194 839
238 4
510 745
574 738
668 611
964 502
623 147
720 146
32 513
317 938
531 922
420 763
994 704
77 668
575 109
869 640
105 723
913 430
215 626
130 944
791 581
242 428
425 212
587 954
518 662
649 197
597 135
943 495
88 937
566 642
145 102
58 833
352 622
424 427
30 863
293 183
204 598
944 817
766 992
748 798
732 688
631 718
46 192
753 580
844 917
349 17
794 142
334 767
396 486
631 546
617 626
597 684
378 626
162 679
399 694
349 399
150 332
780 211
549 410
554 336
385 125
918 833
576 360
449 699
944 753
563 530
497 542
776 969
675 221
513 234
54 10
609 192
96 380
868 714
379 399
309 488
96 491
3 873
977 54
779 248
873 229
285 111
214 319
472 650
15 314
179 479
856 816
980 958
323 341
809 761
988 577
630 549
989 824
359 820
911 237
513 854
588 302
739 400
130 202
319 288
856 590
790 833
384 541
243 680
843 777
602 481
288 121
716 25
860 809
493 848
369 834
665 813
703 301
635 107
123 447
485 828
269 383
95 189
654 82
394 972
398 780
826 971
652 535
283 476
212 494
434 96
640 923
362 902
183 703
165 912
639 278
415 344
640 778
808 188
386 78
500 336
866 833
560 668
649 701
814 225
118 690
468 421
830 223
383 266
115 936
405 436
251 345
559 279
546 690
70 320
400 860
922 241
797 995
652 42
798 633
234 73
841 999
880 587
59 942
757 315
280 945
818 401
876 671
184 979
721 730
651 243
327 954
211 806
40 899
150 549
451 171
798 241
394 251
858 388
489 319
632 297
176 319
396 812
73 905
937 700
258 781
467 941
360 187
181 947
441 798
557 568
975 857
778 423
265 72
146 445
654 966
851 458
29 144
913 485
769 601
407 279
869 728
88 835
932 748
859 478
165 193
423 678
415 905
245 28
56 272
19 388
259 405
403 896
479 374
181 335
709 917
340 200
268 349
252 940
754 490
107 220
407 987
818 926
126 475
855 484
291 866
628 569
768 306
577 333
939 866
16 59
186 336
865 202
225 107
492 654
671 668
287 135
202 365
831 858
870 820
249 718
837 53
325 353
399 750
262 338
766 500
950 239
228 963
366 180
732 689
908 311
824 466
366 849
292 604
276 441
853 361
813 238
262 124
945 830
460 739
992 383
901 603
349 910
650 477
561 238
390 208
198 824
394 159
103 611
660 150
493 323
480 562
445 544
828 886
251 881
623 9
769 362
953 245
536 11
461 310
217 818
950 730
589 58
293 717
612 493
285 889
158 505
497 499
43 811
190 46
122 992
458 494
611 316
4 918
207 681
531 95
456 771
988 588
181 730
147 870
649 168
13 419
84 267
597 259
843 110
866 197
946 365
326 459
40 224
164 605
943 40
840 839
72 721
948 402
663 185
665 634
278 153
600 71
601 306
837 235
783 576
606 61
439 398
421 655
904 679
568 692
162 529
491 839
348 964
187 462
428 752
374 528
511 409
261 860
318 775
118 533
249 746
893 657
89 785
698 929
21 188
561 479
180 979
16 852
932 322
185 963
742 105
893 415
929 460
694 204
625 929
756 445
998 342
233 984
626 609
20 90
205 98
8 930
704 655
707 224
615 475
752 983
347 241
333 271
171 188
934 283
628 547
259 439
996 32
532 381
379 796
887 518
592 93
609 849
39 338
621 501
155 369
86 171
643 708
825 297
535 978
627 629
665 848
332 491
543 851
674 542
382 701
53 451
875 85
169 222
312 957
891 937
486 591
438 738
4 915
813 942
668 87
86 484
12 323
383 162
443 271
882 639
649 934
951 998
50 429
468 172
417 918
184 731
745 810
349 16
116 269
12 64
286 611
845 720
737 975
990 267
480 80
597 683
672 606
103 150
412 857
62 343
948 183
789 362
757 294
794 464
82 30
858 655
849 448
264 143
352 910
646 847
349 581
176 17
465 72
765 93
486 366
708 714
346 253
147 260
310 848
152 430
688 32
580 86
711 764
893 249
293 931
962 306
284 298
176 483
837 978
108 998
458 757
958 830
445 985
861 872
322 4
967 948
125 945
312 18
132 261
617 265
218 324
372 973
722 472
442 931
304 731
155 458
255 341
554 28
692 838
978 832
648 223
821 976
367 95
630 338
408 781
799 707
302 361
415 714
472 404
734 428
148 855
520 226
4 275
359 473
364 369
202 404
40 71
294 588
64 93
102 389
356 925
151 19
130 72
405 322
174 129
804 24
698 519
888 361
424 41
127 149
522 485
305 71
642 94
646 638
645 857
634 708
232 540
874 215
358 460
489 115
571 221
168 600
97 342
541 564
46 665
180 907
950 179
71 958
516 857
703 601
775 60
888 182
844 536
965 478
93 563
986 382
20 18
989 701
245 793
803 749
660 98
517 935
169 713
880 183
440 116
648 569
383 460
320 730
191 201
802 318
967 920
719 358
789 548
691 618
449 107
322 155
376 699
804 779
866 476
811 453
958 52
83 986
504 645
85 168
711 292
658 432
531 66
950 904
266 672
85 25
527 182
364 32
290 863
330 912
331 169
353 465
655 274
696 353
58 774
193 313
891 718
141 57
144 867
400 253
386 928
316 33
340 431
322 718
83 74
224 314
695 622
912 247
40 434
371 551
338 203
176 690
796 540
292 232
867 660
533 564
874 670
241 966
628 335
611 667
627 307
656 394
989 266
612 987
764 526
653 499
775 832
333 183
560 197
44 46
393 738
452 283
163 968
276 41
439 527
426 378
546 155
431 911
587 45
747 224
280 219
464 274
711 708
255 856
792 182
924 947
891 320
939 201
31 134
995 510
685 614
109 404
844 201
619 976
657 554
915 398
929 851
703 279
874 919
982 458
252 723
606 486
255 668
222 495
832 431
838 661
855 553
201 720
240 58
259 496
905 390
750 816
451 920
342 567
711 380
58 794
754 527
884 977
313 819
66 237
943 573
731 773
753 717
476 364
395 123
995 664
338 823
282 213
417 890
126 500
642 373
805 135
308 865
810 559
631 661
893 590
653 386
123 930
328 282
51 13
280 605
903 399
528 387
124 892
749 955
954 421
681 683
480 36
816 398
231 777
988 132
914 803
955 53
120 122
68 250
987 452
509 24
72 6
385 128
867 878
251 577
983 880
732 48
281 309
591 383
119 590
773 825
376 962
328 805
287 846
276 205
962 444
780 621
929 301
358 577
169 752
722 284
81 428
963 26
18 407
437 495
21 736
316 720
786 912
829 558
601 951
48 529
554 263
902 981
235 558
94 359
66 220
138 753
126 852
353 688
403 751
888 803
114 614
597 133
957 34
236 35
58 847
847 589
540 107
777 367
688 830
286 823
985 204
933 20
848 564
304 594
527 908
624 11
295 908
331 607
459 610
79 789
45 741
486 825
303 733
532 997
771 103
622 694
225 33
227 623
512 885
527 674
532 666
474 960
236 743
936 181
352 694
779 673
652 177
966 149
672 607
707 231
840 465
366 701
739 502
209 942
999 475
988 751
736 241
183 142
367 349
847 167
650 545
978 82
230 239
233 153
331 398
702 789
23 662
855 361
106 312
682 737
202 791
464 242
444 824
840 109
537 147
833 740
759 99
216 738
640 132
470 171
445 615
637 243
713 707
94 662
686 782
378 429
809 557
627 306
241 83
944 941
302 690
982 16
490 818
270 140
843 890
316 986
372 974
497 522
307 137
345 126
660 643
165 299
593 672
246 398
543 822
326 374
380 145
170 258
887 435
643 449
45 551
503 571
248 372
400 146
143 634
184 521
297 302
687 121
782 807
802 669
142 390
951 692
808 190
391 630
919 90
762 173
49 270
800 450
340 507
503 857
515 57
457 33
990 341
956 221
171 895
485 311
468 423
805 800
735 435
335 177
176 870
49 488
968 258
942 60
348 60
974 792
940 856
188 917
172 498
410 395
253 249
34 748
326 623
25 240
79 301
500 790
448 761
561 632
72 96
258 630
638 103
196 158
251 126
916 705
565 648
555 3
309 458
683 309
209 174
533 908
724 763
485 265
983 30
513 918
702 482
99 651
945 579
983 399
91 831
422 389
833 482
405 697
543 615
303 386
786 984
893 643
204 69
242 272
703 109
325 727
791 542
39 277
187 103
504 646
449 27
749 112
986 802
901 219
298 288
688 664
910 43
895 555
273 102
735 50
882 674
41 450
117 375
688 887
563 325
174 355
855 757
587 123
74 410
230 521
213 821
966 157
397 142
753 800
263 795
719 511
991 378
459 605
151 99
525 146
191 866
611 815
4 391
240 731
774 770
22 279
926 985
31 255
987 733
619 796
914 685
488 976
809 385
719 130
664 910
23 907
805 597
646 603
870 133
764 664
72 194
399 537
681 616
776 820
708 439
983 879
271 636
927 868
567 413
962 601
471 409
448 408
115 371
261 331
851 551
356 79
963 33
255 358
90 191
994 985
170 247
43 15
302 776
301 715
509 552
773 177
42 461
924 803
527 326
655 189
984 223
91 904
189 283
655 34
199 166
682 140
441 538
722 893
320 453
28 14
334 948
952 138
98 198
998 929
951 937
109 838
477 802
408 983
247 953
485 963
415 764
736 827
334 964
286 875
520 38
535 396
343 16
810 413
193 437
945 259
728 941
638 400
306 383
219 546
199 520
645 766
150 52
904 568
690 960
608 690
111 609
771 808
205 732
139 178
141 480
70 398
366 529
603 814
261 747
967 394
620 568
859 656
128 931
50 422
891 36
261 636
742 111
944 434
817 132
105 122
638 44
571 117
793 179
803 978
432 885
675 179
718 785
272 654
368 883
898 590
811 819
25 970
768 84
733 522
848 316
171 33
941 573
708 216
671 468
510 560
952 362
565 869
332 244
812 302
493 771
816 809
105 438
108 531
164 781
229 70
733 313
998 656
178 673
488 345
342 148
164 668
75 299
768 426
540 838
833 244
320 289
804 979
776 494
53 449
293 82
760 755
297 23
853 106
644 763
821 972
470 253
643 484
687 565
113 303
981 34
102 867
736 711
718 987
458 117
187 657
154 330
249 72
166 541
265 828
858 967
54 594
456 765
705 510
439 29
97 110
941 187
123 830
917 306
851 50
409 971
373 442
157 637
140 877
396 711
770 468
239 289
614 247
854 838
31 469
470 607
487 535
327 834
555 743
439 848
137 578
634 896
894 470
860 194
794 752
264 603
337 123
711 873
716 437
180 727
124 924
565 98
116 993
544 882
748 326
655 934
747 705
414 784
549 685
237 49
303 368
271 990
685 540
561 534
446 16
983 347
234 822
952 501
754 1
351 413
320 623
617 271
783 32
803 958
402 125
208 820
227 16
610 563
817 849
950 861
153 5
222 420
505 631
316 825
902 720
942 605
815 209
175 118
625 231
772 228
187 588
549 388
886 206
624 985
791 953
683 592
904 771
959 743
321 695
620 45
17 158
931 18
115 655
60 20
173 275
891 514
165 767
295 768
520 962
923 271
503 969
201 43
845 754
441 718
757 486
654 572
625 700
131 705
693 703
390 453
36 322
261 547
478 827
564 58
182 47
497 575
319 322
837 257
348 498
370 150
390 235
833 381
747 540
12 484
388 984
821 430
225 859
190 215
11 448
87 181
111 307
721 155
61 602
355 869
273 682
47 904
194 428
13 552
290 635
455 87
517 232
48 558
183 424
89 51
108 377
15 223
915 485
365 358
314 169
668 251
915 599
873 659
87 761
970 511
626 333
420 796
57 574
214 429
667 309
260 869
479 371
528 989
191 655
748 184
92 948
112 90
990 901
166 379
226 206
905 505
320 55
265 922
639 422
841 507
749 290
457 482
23 55
652 389
581 505
818 925
636 628
395 948
16 431
749 691
524 847
887 549
504 178
212 184
602 951
787 731
207 40
482 633
568 283
145 623
992 822
865 56
738 294
387 566
616 918
396 312
144 289
805 596
170 574
150 267
634 251
140 821
327 885
440 615
404 130
595 241
297 854
615 210
708 432
340 988
732 46
453 603
127 564
152 202
449 920
67 473
538 408
586 551
129 814
721 852
258 970
625 468
251 645
328 666
57 444
388 956
171 452
997 112
368 566
574 714
68 747
986 114
470 67
690 683
901 395
411 659
180 92
18 339
691 584
471 276
216 360
587 683
298 370
782 160
255 670
882 884
85 59
754 442
38 451
704 937
95 246
8 178
445 451
766 889
13 191
118 833
17 68
101 966
193 283
585 521
588 644
936 445
275 67
568 680
496 707
791 161
943 779
914 639
24 565
795 256
869 279
619 68
638 480
433 71
641 698
192 285
435 657
469 836
787 441
324 255
805 729
936 904
740 127
220 718
806 777
914 963
482 347
206 921
210 292
214 420
324 300
306 787
219 30
125 978
224 648
650 508
392 452
500 621
569 260
103 131
813 442
186 316
849 20
688 150
588 439
437 493
204 424
298 933
116 684
959 40
527 308
674 200
237 176
276 924
685 584
327 451
519 653
630 568
223 242
29 341
782 266
520 284
596 751
928 33
814 955
584 899
930 521
40 929
791 694
635 48
377 288
714 929
807 680
369 900
787 964
258 276
50 424
880 103
527 23
311 307
210 674
227 512
999 870
642 343
914 464
166 621
830 708
27 745
525 42
623 446
767 107
629 86
225 144
603 935
306 499
325 405
932 387
240 627
519 669
799 189
486 232
976 674
439 802
866 522
543 184
624 766
817 153
557 12
361 227
56 623
989 481
865 740
371 950
361 140
148 54
684 32
464 131
797 351
284 694
570 203
833 70
152 288
81 398
834 708
360 67
323 345
125 989
933 656
953 50
919 861
497 94
403 562
333 304
194 214
715 736
765 249
289 330
482 349
579 185
428 667
213 475
730 55
415 883
242 829
967 503
534 819
812 561
411 968
485 727
622 1000
270 61
53 435
901 229
795 878
32 114
14 6
808 499
554 27
520 391
350 126
216 126
145 70
37 112
147 528
406 303
248 591
175 943
766 945
437 799
179 227
587 46
199 796
663 141
245 110
680 889
501 20
636 593
468 195
839 844
655 512
114 839
852 41
376 354
31 884
343 934
787 702
516 256
420 445
573 209
709 535
723 828
581 738
983 758
250 502
123 876
126 157
855 391
400 961
609 165
78 692
558 238
390 684
302 547
249 822
710 997
641 738
662 24
108 162
131 704
461 889
23 982
780 243
230 62
902 91
624 501
855 418
25 211
258 709
801 751
262 261
484 445
785 732
862 962
99 862
996 464
922 864
987 191
347 28
794 725
215 29
682 594
773 441
242 989
43 148
564 594
985 515
76 340
681 436
138 883
600 954
972 926
422 316
8 347
377 924
618 546
639 924
394 424
753 265
401 380
675 527
708 567
930 473
271 211
403 331
497 420
958 59
619 753
195 557
913 362
768 403
540 995
977 611
313 683
668 107
175 21
910 216
623 651
183 622
882 563
956 814
574 325
321 737
372 733
342 665
278 241
416 295
784 790
452 684
951 666
421 663
403 884
883 634
996 881
961 930
1000 856
987 686
392 206
509 446
532 927
663 119
481 197
407 693
196 312
490 29
1 318
954 396
295 692
885 958
334 426
55 984
713 99
932 475
495 861
750 989
497 585
295 410
709 152
569 525
987 362
272 533
21 390
479 734
461 127
387 868
730 568
347 120
555 447
315 518
542 843
690 966
198 909
489 287
373 490
926 624
336 390
12 685
143 181
540 559
65 969
179 311
466 648
788 173
26 980
924 829
838 863
554 302
668 314
192 611
179 287
786 845
96 979
100 827
249 487
359 606
697 335
574 7
354 186
407 164
908 591
657 841
30 981
622 787
401 11
387 200
429 957
397 95
820 52
30 93
839 135
420 23
590 283
568 815
795 485
31 959
70 83
91 624
364 436
371 496
995 746
373 130
983 713
322 832
932 25
408 405
174 188
323 514
456 417
884 929
23 937
483 968
504 429
531 133
366 535
728 395
439 217
598 894
524 33
522 465
874 42
675 87
550 789
831 600
334 160
177 347
875 652
345 649
515 463
516 796
404 22
707 855
634 989
855 311
158 29
819 837
954 996
271 855
973 25
902 31
119 361
557 110
376 675
765 407
750 309
772 575
88 948
756 718
5 168
165 117
371 616
395 272
318 417
112 847
30 373
677 742
894 628
473 440
290 734
679 88
664 463
423 798
7 607
322 175
821 135
53 301
19 117
123 57
394 755
930 513
955 723
294 920
958 988
28 108
356 417
644 166
444 73
5 364
299 579
874 793
584 787
344 88
108 465
929 569
658 153
108 96
878 516
2 405
630 229
26 287
724 362
929 563
175 178
697 950
59 477
259 143
304 548
804 401
509 501
71 402
643 21
130 96
738 141
956 52
151 282
898 600
541 878
566 119
766 711
455 896
866 809
979 122
905 867
675 272
400 885
935 991
535 225
371 234
140 879
163 214
770 466
33 637
429 263
177 502
408 655
551 668
988 26
43 397
850 23
197 908
73 694
55 171
55 354
133 660
936 643
774 167
759 639
997 38
220 585
194 821
590 143
54 704
21 656
617 211
449 353
768 251
588 468
898 882
403 80
664 106
359 819
437 369
683 121
108 580
960 898
192 572
178 579
105 545
895 722
678 415
317 396
834 22
469 63
692 104
821 780
420 619
496 241
60 466
356 581
912 707
878 710
238 609
43 533
185 969
586 280
265 973
14 720
786 345
53 886
204 710
709 262
801 892
164 84
27 756
961 583
698 515
573 321
727 652
426 907
361 275
659 916
178 661
286 171
650 625
634 704
373 412
116 946
529 948
110 609
326 610
332 747
701 622
775 939
82 510
907 243
231 755
88 528
436 569
201 404
954 186
721 733
495 30
673 530
376 910
140 625
34 236
590 969
557 128
956 350
567 299
474 406
863 912
404 445
628 316
357 507
147 149
824 304
59 609
12 793
620 851
498 786
264 91
420 358
859 311
643 866
238 176
887 221
788 519
692 477
382 106
50 970
795 988
119 918
48 939
899 938
791 648
313 569
521 124
631 73
812 933
541 353
543 791
485 859
880 517
639 721
237 298
791 761
742 506
658 336
982 652
86 433
469 311
644 543
98 3
117 485
585 531
622 598
182 675
553 461
537 976
170 519
409 325
796 887
249 6
474 869
972 572
524 841
666 854
619 205
601 330
452 828
235 196
988 414
311 689
44 486
226 385
926 988
475 482
610 379
150 158
813 438
335 150
852 300
943 599
233 308
414 259
516 539
978 390
300 158
12 362
654 649
516 682
920 307
115 169
426 580
758 589
50 516
859 806
699 111
281 488
346 270
975 629
300 339
871 516
530 880
696 632
368 985
864 830
591 389
684 233
885 664
581 639
559 971
327 699
682 966
186 649
316 712
484 918
360 156
80 620
806 431
418 484
683 48
603 249
320 155
200 692
111 454
740 54
796 352
123 28
163 826
108 712
878 412
554 446
972 97
739 886
564 107
320 375
618 840
378 53
674 614
288 277
6 827
661 860
887 372
193 360
191 685
69 469
3 101
52 677
680 646
576 972
139 683
738 855
890 59
874 708
140 256
141 89
696 496
365 763
477 961
44 676
814 320
763 424
145 303
314 750
611 844
387 374
413 746
106 780
657 404
914 637
718 527
244 146
904 571
391 183
379 957
702 636
573 393
885 151
408 261
63 719
766 394
895 354
54 774
537 488
295 552
448 693
893 797
589 516
409 527
405 201
851 377
618 20
581 928
767 946
591 379
153 273
585 310
55 654
441 14
994 227
580 127
75 683
56 947
275 403
494 5
702 558
247 343
46 806
839 818
755 352
204 426
591 526
65 980
375 179
655 877
731 411
308 120
751 980
330 528
113 992
55 989
539 716
646 160
542 465
765 760
363 600
237 63
684 139
104 268
88 657
431 483
903 529
610 554
312 857
42 206
316 929
304 921
321 29
86 287
705 951
943 501
545 814
912 631
292 281
61 393
387 39
302 342
985 208
14 330
679 620
373 67
501 62
709 761
395 609
16 346
622 526
553 5
771 474
459 614
79 785
615 707
46 202
965 784
678 447
934 533
760 430
373 357
49 375
512 841
646 906
509 357
491 806
542 693
858 120
541 798
926 532
874 365
893 735
982 880
278 779
286 262
713 58
175 212
921 37
23 573
393 604
909 572
713 139
314 319
314 198
45 310
641 471
383 848
132 718
719 778
375 960
220 723
917 243
669 402
655 931
379 370
888 394
510 700
937 543
894 518
110 113
207 985
691 996
847 59
289 328
199 325
768 279
316 615
27 508
299 371
167 802
241 32
35 77
891 106
70 621
618 881
490 976
401 65
790 677
97 594
683 951
460 484
208 597
781 286
748 855
105 979
145 100
354 311
979 477
84 191
89 359
587 32
75 788
459 693
652 412
359 468
239 642
168 1
421 753
408 560
559 63
446 796
255 148
764 689
24 960
981 949
282 440
32 687
306 258
309 993
384 472
442 194
308 628
617 651
27 612
780 30
434 606
591 108
119 895
49 125
749 784
418 938
951 116
404 233
779 431
943 656
270 790
110 465
99 832
885 609
707 897
105 55
340 810
717 360
367 83
918 577
25 790
217 574
8 639
302 897
450 140
413 56
200 443
419 667
573 998
138 881
964 421
968 37
310 595
938 280
71 226
356 181
854 412
412 231
285 879
678 718
936 377
111 429
167 335
562 879
17 674
659 15
365 210
60 512
800 951
838 531
70 681
371 934
365 355
385 987
709 782
621 50
492 106
293 23
499 830
830 838
155 90
800 149
307 391
18 814
224 471
791 873
982 764
325 791
472 373
771 389
790 419
973 983
297 270
705 153
192 116
653 985
946 165
243 189
469 520
163 341
329 189
413 176
499 717
123 925
952 669
827 795
184 775
336 798
300 889
75 751
650 899
188 966
262 453
714 266
724 721
276 248
84 14
889 800
121 398
512 607
800 831
950 225
828 645
116 151
370 334
581 971
993 295
182 14
721 824
25 833
283 29
215 178
936 717
267 983
82 261
779 169
785 248
894 380
514 470
600 127
996 212
