938 2734
377 202
692 90
181 437
182 150
922 547
621 357
467 57
675 764
729 833
604 123
508 320
454 571
8 269
143 846
760 500
155 762
449 473
73 35
716 31
686 79
228 355
11 255
49 58
909 916
879 433
488 555
551 898
664 222
387 483
481 782
301 228
603 620
328 393
697 333
918 488
43 719
500 143
139 780
800 66
875 77
215 211
879 909
625 937
347 885
116 351
707 875
653 166
675 370
344 546
678 749
172 698
37 54
590 489
633 681
706 250
914 104
199 742
362 890
295 121
722 295
733 430
906 46
636 667
469 241
163 132
809 780
629 181
236 927
333 744
136 902
361 345
804 640
73 608
115 870
480 622
300 236
484 174
25 2
551 511
165 859
224 393
905 217
726 446
654 874
713 238
694 920
572 138
592 131
614 94
344 897
76 553
256 770
660 308
598 717
432 292
359 251
217 371
552 501
308 606
537 327
919 206
63 759
35 110
860 280
515 280
555 298
422 850
355 704
780 172
910 109
744 890
303 372
163 178
554 628
636 552
524 529
577 864
634 627
67 302
160 833
858 152
453 234
72 277
375 897
874 687
429 414
487 319
430 726
679 43
576 35
499 926
282 719
47 845
161 730
499 660
680 320
95 49
45 178
925 280
292 594
286 723
215 845
625 110
1 52
764 573
602 253
362 857
326 867
737 517
423 785
84 849
430 829
219 97
22 854
9 483
323 648
323 223
146 700
829 857
188 194
543 302
486 327
255 873
883 241
313 198
274 429
631 9
650 207
10 664
890 133
781 498
50 137
426 402
313 311
42 145
927 819
88 411
839 536
509 768
862 118
437 670
796 42
567 178
702 880
664 595
722 847
907 668
286 733
876 690
933 378
239 146
316 807
632 928
266 617
213 724
259 449
707 766
282 479
394 539
271 772
664 555
918 533
480 476
541 17
493 712
50 89
417 725
658 792
163 193
609 548
830 618
68 671
215 301
933 669
915 309
774 809
22 66
830 160
558 293
675 865
141 795
589 870
678 116
572 577
828 398
903 785
887 251
561 208
428 744
139 371
362 709
805 906
419 195
814 406
134 917
637 747
740 444
132 927
710 690
145 765
771 65
857 514
575 280
491 525
275 811
3 376
495 123
315 737
802 213
783 863
721 899
908 202
615 92
356 511
447 117
92 754
532 791
256 352
663 682
811 357
280 358
840 532
285 598
568 611
684 925
777 147
707 923
762 281
583 910
413 327
895 455
272 580
610 341
171 342
465 799
356 279
32 874
877 510
461 155
332 662
39 354
868 893
387 623
905 128
525 301
915 804
7 734
421 174
811 151
405 159
462 416
691 845
928 425
907 847
477 705
695 569
649 749
149 154
260 294
617 341
783 321
517 277
792 375
573 771
98 15
611 693
7 680
817 337
51 456
703 283
528 828
178 641
632 582
807 203
402 245
295 861
785 896
478 493
355 175
40 359
677 358
570 662
610 843
700 118
97 612
98 704
139 270
782 596
768 328
240 108
862 859
658 887
579 323
926 611
708 562
873 719
549 626
198 608
658 689
805 19
879 508
892 381
615 700
742 780
863 449
675 635
896 417
124 933
18 13
112 714
73 150
528 592
765 897
677 724
423 840
320 727
546 871
234 324
476 535
10 117
600 312
436 123
930 34
253 814
287 611
899 516
402 84
276 144
794 597
625 855
458 690
408 194
229 764
469 760
914 74
291 271
517 511
922 876
219 586
78 244
650 477
505 701
452 519
200 322
329 212
654 615
617 732
779 381
647 80
653 412
884 175
143 169
481 374
919 114
668 536
356 934
431 25
362 167
749 569
400 451
789 712
480 166
445 770
268 151
53 205
496 491
648 504
723 540
442 209
192 409
470 302
311 469
277 938
701 109
133 891
201 576
921 612
383 562
171 831
388 641
112 67
800 298
14 841
429 867
891 600
623 897
498 678
444 685
763 223
322 705
358 367
712 378
514 314
661 431
111 344
320 563
776 35
675 830
488 148
929 530
513 37
282 755
9 921
307 860
324 774
201 335
501 813
581 473
907 769
604 475
387 376
598 151
783 259
146 379
177 923
186 479
674 518
65 444
819 215
56 575
417 441
40 291
722 140
499 454
338 56
728 720
537 160
504 249
338 111
436 327
536 504
578 591
229 290
620 104
323 376
506 203
562 433
490 468
736 388
791 813
354 836
614 485
858 923
285 861
68 595
643 695
806 289
55 221
351 283
756 299
46 880
674 482
622 514
326 79
776 312
800 564
919 101
340 479
782 754
289 875
716 133
29 679
846 847
727 429
431 848
403 422
442 282
153 626
423 795
190 695
547 341
285 854
363 602
697 398
532 646
152 416
851 917
619 455
266 498
774 511
244 384
105 868
768 676
861 836
205 299
832 262
586 45
398 824
384 487
311 617
644 653
133 122
136 210
46 419
733 59
901 682
421 901
539 247
137 866
250 252
622 524
492 132
534 620
301 373
263 450
801 290
730 376
403 762
8 864
315 787
798 267
802 259
307 86
751 297
511 579
321 383
611 36
386 132
286 800
585 148
331 509
544 880
745 478
676 577
296 430
386 125
79 343
339 528
554 21
725 529
363 263
698 629
532 556
132 712
614 892
25 824
870 714
610 93
283 525
535 897
258 325
251 244
714 740
17 348
306 898
845 548
478 502
178 862
140 171
936 331
522 37
409 190
675 864
603 178
236 6
682 722
132 268
834 569
7 241
599 166
53 652
72 484
600 826
449 161
162 288
606 106
418 323
536 34
673 223
836 381
140 751
552 162
932 659
626 290
826 864
692 776
603 708
536 192
884 219
400 248
925 466
564 195
337 846
119 864
425 501
214 668
894 18
109 224
220 594
131 450
920 637
870 550
679 785
285 234
759 537
436 106
275 633
663 538
81 269
113 455
350 931
594 504
519 158
671 10
470 839
606 197
402 671
723 460
684 887
522 252
557 736
491 546
359 270
168 916
867 392
632 846
530 118
564 905
289 701
752 307
161 919
618 431
759 357
465 28
455 196
81 204
155 837
873 78
433 814
806 676
189 582
3 845
902 924
780 230
86 211
767 475
16 704
809 804
560 397
482 68
778 617
504 756
191 572
902 468
588 896
382 323
845 857
732 400
389 6
178 220
658 82
147 449
167 329
590 114
452 420
898 193
593 162
239 525
260 921
614 893
281 564
798 115
385 163
904 119
355 215
782 120
697 859
371 632
790 136
482 635
746 732
195 165
397 481
453 196
356 858
195 649
470 285
133 1
590 660
738 411
352 194
461 864
228 637
390 292
139 593
152 270
579 105
598 136
528 271
371 327
529 218
464 873
772 61
498 374
575 648
653 435
217 857
586 569
269 727
80 175
100 767
467 673
876 469
514 366
373 2
302 6
737 474
571 254
459 914
575 149
353 62
798 908
515 471
495 63
151 169
742 537
767 381
711 927
583 106
313 375
558 604
353 792
7 618
429 419
730 695
784 190
773 340
203 160
166 898
763 415
912 333
147 178
633 580
336 9
375 637
514 288
915 514
331 341
352 393
667 834
216 905
106 168
162 646
862 174
340 369
884 863
829 63
282 745
123 17
766 415
750 238
898 165
521 934
667 608
158 885
713 565
473 678
131 277
243 418
207 157
766 787
565 913
141 319
513 894
401 452
40 857
96 640
392 588
264 257
309 241
802 766
819 644
842 693
551 548
618 365
724 783
228 276
926 24
583 674
380 447
914 803
20 662
628 419
938 592
441 687
615 728
870 160
66 202
11 384
86 836
571 606
789 198
664 86
830 152
890 690
799 875
875 497
630 566
611 11
280 690
634 293
806 674
502 807
466 609
305 506
399 677
220 134
516 928
404 712
351 198
550 501
381 875
421 890
478 869
355 806
853 241
563 74
528 152
506 595
739 246
351 297
888 134
706 405
120 240
251 582
413 811
470 932
237 615
109 818
420 662
333 810
172 547
106 936
757 887
298 217
608 754
279 532
62 924
502 937
911 498
938 416
108 253
164 738
130 507
266 783
101 836
227 537
68 232
931 663
823 567
188 614
902 345
298 507
303 14
378 518
159 320
291 133
687 129
298 740
650 273
758 726
743 251
500 104
231 935
870 392
864 304
226 248
688 909
28 787
197 297
146 579
914 2
134 757
2 253
545 741
878 245
774 399
243 75
98 858
105 110
234 711
630 645
922 703
325 916
109 692
590 605
493 534
315 784
261 703
462 645
911 448
492 191
181 670
362 871
132 505
149 453
795 453
14 619
473 285
435 905
737 281
61 574
557 473
725 66
361 855
231 68
626 252
19 22
293 667
431 184
275 903
573 426
39 903
354 266
262 387
745 16
622 532
54 298
405 121
599 543
543 841
359 620
146 891
404 71
261 21
309 85
932 765
165 4
610 326
405 416
677 554
32 839
750 838
179 152
677 185
741 476
338 20
510 238
4 420
706 65
122 735
212 266
146 319
459 268
715 139
796 114
838 682
344 320
894 916
552 640
536 687
538 226
441 890
226 736
6 153
282 702
615 415
410 273
244 155
527 883
161 267
861 901
719 653
207 760
895 687
462 866
2 854
115 310
667 552
891 515
875 134
345 317
860 63
166 198
705 557
471 81
317 106
57 303
188 664
150 544
612 246
375 30
930 28
215 689
700 284
402 717
228 151
141 144
50 914
172 385
216 614
766 41
180 916
509 523
476 194
900 23
575 216
443 446
27 133
176 211
639 544
453 190
168 887
153 146
248 603
415 876
569 717
328 168
112 186
518 246
864 117
646 350
248 789
654 380
412 639
531 649
365 486
494 935
188 515
618 661
141 691
878 724
697 840
574 696
367 922
762 885
174 735
781 269
620 192
913 157
510 509
141 444
264 637
686 917
749 223
643 654
146 458
573 882
703 807
8 439
784 226
434 337
679 325
871 418
497 236
43 236
303 81
861 711
30 252
711 69
783 328
34 684
771 368
480 2
1 749
494 88
816 896
377 641
158 211
253 601
843 601
200 421
678 368
754 257
19 725
591 918
189 551
389 37
905 724
672 878
927 549
658 59
125 789
403 556
777 351
743 171
131 214
98 584
652 800
726 208
451 392
14 890
860 289
663 347
186 845
443 252
869 61
428 770
374 890
388 835
73 212
140 89
133 347
112 331
119 756
139 417
632 239
490 503
571 105
789 18
511 287
831 588
649 781
871 861
781 312
711 929
218 131
310 878
311 725
797 155
853 422
584 528
434 491
307 318
311 478
3 25
79 802
561 426
634 736
156 439
801 676
414 875
128 811
36 364
517 85
576 575
606 722
18 908
84 810
642 822
340 841
344 226
417 252
592 558
574 376
642 254
233 289
912 319
832 246
734 98
206 157
888 3
707 585
176 911
416 286
255 671
879 122
241 306
495 539
825 515
597 795
853 828
68 721
715 93
295 652
901 501
800 189
921 781
145 595
220 177
183 490
228 644
101 45
229 563
693 297
894 831
553 36
846 84
402 191
810 64
351 96
758 544
192 92
140 148
281 676
91 309
80 771
759 681
322 409
15 499
329 38
25 196
578 848
885 911
669 701
506 288
747 930
622 82
289 270
751 810
664 513
632 237
316 110
135 746
140 316
130 486
494 432
169 276
636 316
90 607
548 634
274 508
295 881
721 90
685 575
355 804
436 45
198 658
127 327
917 694
775 497
25 486
405 829
278 549
90 426
588 157
536 768
414 355
821 801
640 851
614 486
39 153
250 336
711 246
566 170
234 579
365 641
867 918
9 175
544 505
196 78
806 771
327 307
274 189
699 177
373 625
556 536
653 213
114 271
632 251
835 667
449 82
489 171
90 292
92 64
55 571
539 445
332 297
263 3
84 556
786 633
588 519
679 269
26 898
336 673
320 747
686 762
15 398
679 482
420 480
460 596
190 96
138 74
840 790
433 107
920 749
280 802
724 722
854 641
505 617
289 386
69 798
882 771
25 18
843 609
588 113
456 178
504 564
638 396
30 353
769 12
336 397
296 192
300 402
376 35
12 209
13 360
822 11
885 586
679 616
577 597
725 820
29 296
487 845
588 25
114 861
906 692
29 547
379 674
675 113
732 102
776 514
430 306
687 323
105 86
175 415
858 105
839 900
632 70
186 497
738 674
850 936
652 169
446 521
428 864
656 159
161 931
261 679
45 475
269 498
609 125
772 479
131 635
687 684
337 805
201 533
436 927
548 648
476 649
95 762
646 254
407 640
637 909
47 178
269 212
605 175
25 746
723 156
154 602
926 468
140 327
531 366
384 528
774 152
278 221
888 460
923 898
48 909
270 60
733 719
274 67
241 361
369 316
205 323
534 351
830 617
444 188
463 64
29 850
805 282
630 892
127 493
208 440
704 477
601 618
90 655
468 409
843 40
644 612
722 209
647 729
691 537
431 274
294 46
4 285
581 683
841 424
490 211
751 681
865 306
739 329
813 690
174 611
664 925
412 300
697 650
632 71
638 876
67 929
891 844
107 416
768 358
399 477
534 296
935 202
762 550
451 856
553 468
707 181
142 398
367 815
712 919
89 82
842 518
553 246
700 566
275 46
812 178
894 425
266 513
585 805
734 705
506 390
206 287
226 60
870 331
212 578
126 904
109 70
919 591
207 260
227 7
728 650
395 902
14 732
846 466
156 451
585 400
894 106
793 195
886 160
911 697
330 557
607 912
722 519
335 331
853 394
101 497
570 6
520 153
389 867
601 799
92 707
381 811
111 781
351 151
726 618
126 877
272 81
161 658
532 919
183 933
170 816
14 396
108 31
816 493
852 878
390 229
692 474
70 530
34 540
348 733
609 749
356 812
628 497
187 899
278 99
426 168
135 117
784 361
59 309
54 432
536 175
918 435
150 41
575 653
62 464
232 273
66 706
36 715
588 776
882 96
240 555
520 526
348 828
120 422
71 307
237 508
167 639
561 432
104 335
242 284
357 174
838 98
821 42
823 897
679 137
577 129
171 237
835 729
787 801
638 896
274 699
224 748
282 862
302 736
34 440
732 332
16 554
370 576
173 472
594 669
329 535
644 218
718 321
243 470
206 718
134 347
464 558
302 450
71 917
720 170
494 325
150 549
311 417
892 561
223 158
190 45
338 74
727 211
52 22
608 788
2 296
113 32
920 400
903 754
297 823
357 847
765 397
162 930
881 656
774 869
938 930
781 472
878 71
731 808
479 717
558 175
79 391
102 38
682 287
400 785
790 916
55 869
369 617
542 145
53 831
495 690
852 241
156 390
691 766
247 761
603 471
453 871
772 584
535 508
166 188
279 745
301 422
582 21
894 581
163 784
38 817
315 246
188 888
579 546
682 401
90 887
282 403
127 302
700 342
118 498
840 881
233 423
342 703
627 195
598 59
377 216
177 926
172 919
775 662
530 202
553 379
457 564
242 48
636 240
464 930
712 62
508 532
75 309
220 717
331 466
44 342
803 1
731 686
934 906
459 412
849 20
706 96
105 292
818 392
899 437
55 487
43 423
723 329
32 281
488 459
816 772
256 774
259 530
637 601
446 809
383 765
613 806
106 467
761 729
417 453
322 198
55 27
424 369
646 460
8 112
193 84
433 709
234 254
436 899
292 69
347 815
294 289
222 760
68 566
822 390
182 444
537 22
576 898
723 319
524 308
115 174
778 648
141 441
16 611
881 587
580 99
835 816
200 367
114 428
420 916
500 821
250 796
62 414
738 569
116 264
190 722
32 279
285 742
382 570
137 790
926 491
225 202
838 377
252 289
94 25
43 774
118 899
799 614
54 906
657 518
405 169
452 485
236 314
239 288
332 147
882 212
595 56
151 419
743 894
708 822
726 573
731 127
716 860
398 151
475 246
314 655
64 248
366 245
190 725
598 182
413 820
88 496
516 442
442 299
480 106
600 640
506 915
700 190
77 643
460 269
214 654
669 560
937 836
896 69
831 533
565 271
588 475
879 761
264 777
20 462
828 568
207 443
288 14
416 51
555 822
186 933
248 108
787 584
168 24
281 146
502 625
160 592
103 359
124 580
117 806
595 183
312 706
122 588
104 79
275 689
321 421
789 534
187 591
761 422
870 350
720 878
665 227
187 700
698 525
886 126
889 688
198 92
454 78
258 129
791 41
349 886
761 589
303 755
73 134
808 506
863 577
862 607
628 655
691 423
658 561
290 74
383 310
385 358
296 754
260 792
690 414
693 781
786 855
327 173
455 687
793 612
238 199
704 755
576 583
128 447
666 848
43 755
357 324
912 927
53 566
872 19
359 177
551 534
400 824
573 347
61 689
886 217
852 278
468 693
870 191
677 82
92 598
682 594
723 297
389 416
835 794
858 710
544 90
936 99
367 738
390 636
561 928
375 311
213 200
840 212
271 61
554 577
521 895
708 928
626 489
286 748
916 309
628 130
793 824
205 79
190 509
546 704
624 720
620 849
182 325
680 134
747 889
919 454
793 284
714 662
122 827
196 531
730 186
767 686
811 128
928 420
303 83
733 816
679 468
22 569
205 503
632 530
482 50
744 641
194 584
855 840
18 359
733 929
384 427
664 856
702 197
615 555
299 338
928 130
394 546
362 415
866 421
53 287
938 624
558 114
97 512
847 144
157 628
226 273
47 301
505 350
839 122
694 854
435 80
698 224
492 103
78 70
669 334
100 215
783 74
331 427
576 438
388 551
258 841
82 857
620 506
422 151
723 899
833 286
245 646
598 28
191 917
506 563
342 405
364 898
493 215
158 37
367 834
259 205
885 470
669 244
636 393
598 560
855 233
625 35
899 509
834 428
481 222
268 335
88 424
624 298
915 29
700 247
354 788
26 297
542 758
580 589
745 93
675 757
345 2
788 79
737 715
3 27
380 87
757 587
660 1
527 907
26 542
64 394
227 582
211 640
513 865
454 142
536 190
575 231
797 41
357 39
394 588
216 47
605 555
21 86
705 608
771 828
920 652
795 520
519 858
46 925
565 755
732 722
108 148
346 756
684 845
401 530
338 836
374 371
11 407
140 159
154 779
559 492
523 711
138 453
82 697
548 709
805 465
406 356
741 244
209 886
819 205
808 346
258 400
820 270
206 920
756 156
258 844
651 344
301 276
599 472
487 41
751 86
221 530
130 412
43 706
564 427
603 71
932 25
769 745
536 140
115 42
210 618
412 644
275 282
683 188
22 496
333 48
155 816
712 754
271 261
371 191
7 501
525 173
836 851
36 561
683 407
371 505
579 70
127 924
398 668
475 313
649 815
831 100
705 583
877 926
806 665
18 774
240 591
39 924
772 521
901 83
139 742
233 282
160 22
324 777
331 190
54 333
460 774
134 181
297 542
859 747
695 460
661 332
480 215
728 66
353 514
154 24
39 516
900 565
814 47
745 145
837 118
237 92
714 822
435 299
539 634
761 830
177 107
749 165
397 272
220 377
745 805
479 571
28 902
565 307
731 96
839 771
716 756
665 95
792 593
99 129
673 175
819 802
604 84
878 661
55 364
44 438
748 129
895 393
176 516
45 782
461 859
136 755
89 194
930 536
16 755
373 499
509 762
58 203
723 419
264 653
764 880
52 308
770 724
271 385
404 519
296 904
119 930
281 303
820 817
17 580
710 366
1 501
408 39
922 119
474 602
872 449
930 877
182 754
112 559
875 884
832 163
561 366
58 285
651 582
415 797
608 372
129 909
411 551
622 846
702 792
133 515
192 891
357 229
213 352
661 4
407 79
905 868
783 37
93 913
40 259
50 666
669 521
467 602
446 898
450 788
34 481
679 752
153 866
741 33
688 760
27 649
182 88
132 805
61 564
228 567
46 763
529 341
661 465
114 478
813 917
464 236
482 560
598 738
656 37
910 304
492 666
590 690
907 419
501 10
139 571
768 542
382 472
207 497
54 554
525 195
194 360
442 599
745 658
372 818
340 177
187 450
276 397
517 293
777 546
64 179
635 793
410 284
843 884
637 715
823 255
448 129
487 445
911 472
474 97
642 242
738 62
774 479
703 337
706 87
427 151
568 152
128 215
879 851
588 604
314 665
663 537
160 280
483 140
191 658
303 505
34 670
806 480
58 223
405 447
813 338
245 72
257 61
793 642
489 797
609 390
457 913
647 299
28 70
244 518
551 207
454 381
460 76
207 95
390 94
413 684
348 903
496 461
776 548
500 122
262 617
234 241
105 230
255 421
524 394
739 488
390 311
749 116
877 63
459 561
760 29
638 2
582 895
812 752
724 114
263 221
33 692
213 755
180 122
436 236
721 871
14 152
721 243
553 169
728 740
233 330
485 633
325 815
628 325
404 783
202 66
925 337
507 475
23 596
147 718
101 138
656 444
832 502
78 561
903 117
564 355
907 126
799 361
620 268
469 866
53 680
293 861
594 925
545 29
909 874
381 689
24 754
25 95
7 870
374 186
528 765
260 828
275 547
687 143
780 872
790 83
804 540
128 666
806 445
54 438
185 453
920 784
868 64
160 330
510 935
206 374
153 106
559 27
869 831
307 839
741 495
541 525
107 89
199 649
921 427
756 857
120 209
512 50
454 345
863 685
703 451
686 834
212 430
233 428
731 922
552 24
673 597
459 168
403 935
44 364
338 81
571 133
665 259
918 735
150 256
615 681
245 446
484 7
896 436
630 816
205 272
527 911
133 910
261 217
330 110
102 343
543 695
301 712
506 682
549 833
164 788
917 664
611 24
117 788
682 838
494 42
746 135
875 564
694 720
606 285
588 824
147 911
185 320
189 438
398 625
771 844
521 929
834 661
256 644
78 41
210 852
393 647
230 164
1 812
589 46
240 62
695 62
429 14
569 66
76 516
897 128
40 656
629 595
540 709
224 721
118 930
653 312
602 58
750 772
770 618
3 479
739 306
91 273
43 692
561 876
925 889
220 824
487 759
734 877
225 887
689 938
530 516
842 152
717 242
310 520
539 766
116 786
759 134
484 875
231 579
714 478
327 186
239 84
496 286
180 211
127 756
138 482
908 751
124 11
880 195
457 22
378 85
258 65
596 7
245 522
194 524
675 861
322 495
909 617
816 33
347 413
279 849
191 260
800 206
766 247
637 310
328 809
257 136
350 895
810 820
600 480
568 713
41 3
459 414
405 540
29 896
931 41
454 663
326 216
240 212
537 98
558 674
9 172
763 535
816 694
920 890
159 178
801 636
249 164
377 127
662 686
39 869
703 888
26 132
155 639
853 305
527 69
509 38
661 340
374 26
71 549
668 42
22 43
723 599
49 463
123 64
13 364
606 770
553 545
831 656
695 895
378 811
287 407
325 224
126 94
751 4
285 171
868 800
556 645
326 257
54 922
494 604
150 100
298 494
688 277
687 327
798 261
581 923
33 895
604 921
347 480
750 146
298 36
502 241
70 917
476 1
652 503
530 266
289 546
713 896
128 864
174 589
858 197
552 178
751 114
133 424
745 679
727 883
110 341
243 516
171 925
281 416
920 584
360 892
452 565
155 237
92 441
683 144
39 899
867 258
603 402
566 591
553 119
644 269
276 295
95 45
455 405
371 16
635 473
286 925
820 768
335 900
330 564
521 357
79 718
851 84
617 106
571 341
535 246
261 685
119 873
299 640
448 139
176 256
658 786
789 135
331 51
595 200
122 321
50 34
819 132
786 37
42 504
6 770
134 877
676 877
42 395
851 93
501 566
876 51
161 271
494 64
483 465
889 216
824 499
201 257
38 925
938 557
631 680
210 209
781 390
456 839
271 41
256 286
151 313
672 512
875 452
508 720
700 543
787 890
702 282
872 744
873 900
13 254
161 256
453 322
520 345
60 389
483 470
786 132
736 620
515 360
612 377
498 594
670 530
429 362
838 688
250 825
452 704
40 909
441 356
665 639
742 42
800 135
303 385
821 68
192 514
783 417
139 720
799 267
730 14
472 765
145 455
899 234
938 486
150 686
746 910
714 538
658 895
287 515
102 249
269 557
383 332
760 723
670 64
193 588
457 541
270 793
294 372
479 375
889 623
825 87
141 768
736 321
555 903
48 358
674 436
36 236
518 310
925 229
414 416
434 918
280 103
898 703
169 136
432 658
746 24
842 122
164 437
533 337
910 412
296 261
386 196
740 704
541 134
47 88
840 407
792 825
834 534
891 709
253 815
274 727
332 642
593 360
575 615
339 592
212 706
247 534
496 21
668 512
931 242
530 234
838 263
880 816
650 816
9 22
303 518
915 22
382 640
558 8
559 250
10 127
432 400
823 683
274 718
739 692
634 741
447 151
455 546
574 710
367 844
614 178
355 195
360 150
56 292
112 385
239 203
519 574
309 383
280 589
794 163
66 472
484 895
924 612
168 258
705 695
261 294
585 87
491 33
139 538
883 803
811 661
332 893
504 671
153 765
