966 1030
578 167
743 366
384 152
199 495
921 159
18 293
13 207
557 389
590 333
248 345
78 172
849 787
217 943
510 734
793 738
252 300
256 950
651 633
22 685
569 727
119 60
174 313
155 460
155 285
564 231
864 652
840 745
261 852
202 526
276 755
546 738
644 725
277 147
249 957
326 265
23 787
119 412
40 461
873 791
892 450
961 744
479 88
309 901
356 873
765 559
694 533
850 224
819 775
787 828
486 424
624 324
111 601
161 225
475 784
182 900
507 689
785 502
851 903
934 183
439 536
45 836
228 362
220 415
580 132
160 562
201 925
772 648
951 54
798 354
940 249
464 860
106 206
206 399
490 724
575 770
9 223
227 324
631 210
721 658
315 297
412 811
880 163
27 665
516 337
444 520
494 955
239 555
165 341
206 260
41 703
367 368
310 254
81 498
930 102
859 52
820 867
234 499
200 75
399 437
199 568
873 604
679 19
607 566
290 940
376 908
167 939
520 763
162 622
117 114
593 708
469 115
117 654
264 344
375 592
252 656
2 33
833 889
17 291
262 271
226 866
560 57
224 350
364 119
946 650
150 511
499 11
69 725
731 858
963 227
952 881
444 192
519 691
320 274
786 518
691 261
859 104
218 617
710 630
185 770
883 572
10 576
499 820
960 151
237 902
799 358
363 878
873 623
486 220
50 930
156 335
199 754
413 37
69 838
877 874
844 516
347 591
151 684
420 834
50 30
297 153
587 262
236 168
9 67
937 948
926 183
508 118
190 125
278 240
702 734
799 899
750 361
568 800
642 805
552 750
883 220
210 652
510 78
945 906
832 622
358 417
363 37
906 537
877 348
612 908
191 87
223 174
547 176
348 824
631 740
62 155
352 315
198 914
437 378
396 846
247 682
307 199
418 533
915 849
183 791
485 699
739 200
357 665
807 30
786 324
855 550
78 258
560 13
167 727
849 388
615 489
613 713
860 383
910 426
904 429
100 658
511 434
219 583
759 619
110 946
582 176
427 151
540 591
484 312
259 314
2 556
98 304
537 826
901 42
708 486
93 808
134 70
903 760
736 731
49 767
34 535
88 168
878 672
63 281
717 290
178 190
609 158
160 97
619 615
483 921
699 199
950 123
955 591
587 60
580 686
309 488
376 825
276 540
470 72
407 506
837 731
959 21
377 809
147 597
512 737
72 698
4 102
320 614
785 263
694 731
585 72
957 223
606 726
57 474
789 777
589 924
858 542
513 700
577 256
34 558
19 190
598 638
419 684
117 891
868 901
303 254
44 857
676 503
810 783
162 544
845 60
175 954
159 793
674 593
360 334
496 880
6 411
236 512
80 606
616 716
737 653
683 759
740 343
606 848
43 949
278 523
517 138
923 406
225 354
486 649
635 917
300 493
19 199
660 606
26 260
688 225
341 169
384 459
45 199
524 798
37 251
521 901
744 560
345 643
262 357
801 553
387 184
556 212
774 295
871 399
499 294
66 208
857 18
20 148
654 231
396 326
818 438
116 348
586 756
597 651
937 690
592 206
86 422
921 451
256 855
123 61
143 524
148 922
481 280
477 850
152 789
375 643
923 56
901 140
351 69
93 650
295 775
375 681
799 524
287 887
18 402
128 552
578 772
699 214
359 95
896 72
923 320
386 382
209 489
707 374
877 142
69 428
631 509
44 569
183 343
366 603
818 16
65 851
401 538
625 215
699 237
228 961
834 228
229 360
380 177
149 629
107 789
425 175
785 609
948 142
238 428
65 691
352 325
942 192
771 70
48 94
651 783
384 605
447 867
368 581
946 204
188 63
840 46
217 440
399 41
190 727
817 161
428 531
317 299
249 827
155 267
572 48
373 621
422 110
261 361
424 312
586 164
489 230
229 235
186 355
513 738
139 349
140 16
793 384
631 117
123 459
395 46
886 710
743 534
35 379
438 916
298 325
638 378
329 334
640 607
741 171
462 467
399 288
337 65
262 597
37 109
266 469
701 321
876 465
917 165
623 777
429 201
238 957
398 470
657 146
279 248
654 794
210 740
225 673
882 752
702 753
260 591
289 710
711 593
374 444
437 620
90 285
356 459
475 765
296 846
558 277
329 456
354 244
477 86
6 675
669 833
675 124
305 429
315 482
45 699
962 453
786 279
81 667
871 864
891 7
734 679
34 427
391 103
297 956
657 2
127 461
775 209
741 267
342 639
456 463
93 315
767 796
861 769
398 209
65 199
188 680
427 406
870 269
152 300
488 582
87 600
131 206
182 746
563 211
535 440
8 683
100 590
522 850
739 595
90 775
576 331
563 276
758 832
631 591
154 175
529 467
531 165
582 772
773 849
776 512
210 635
733 149
910 13
112 316
873 938
395 218
595 353
731 160
404 128
89 689
843 391
835 825
160 629
712 162
38 765
916 728
912 219
701 896
548 826
510 95
628 294
150 172
247 751
940 247
435 907
249 156
463 556
914 599
926 769
747 923
448 708
681 502
257 869
768 491
3 265
862 932
287 222
468 78
281 924
48 364
627 904
349 636
517 119
425 910
482 233
916 469
129 177
265 253
790 489
83 3
923 431
846 820
137 216
954 82
734 920
324 701
23 691
272 610
117 954
959 233
282 630
350 119
934 288
266 370
588 197
67 946
244 220
798 86
437 491
935 92
119 390
428 92
543 288
787 723
682 607
534 660
693 623
802 499
902 791
744 874
874 825
671 396
453 473
190 689
375 594
246 49
740 626
819 472
437 42
317 4
643 369
886 169
546 420
415 118
831 956
651 587
656 135
936 588
654 708
15 468
534 595
143 235
474 357
272 896
812 401
422 406
347 479
512 125
449 929
126 800
570 175
729 158
344 327
14 496
377 294
39 734
881 660
260 165
291 361
841 17
629 75
761 853
204 39
427 7
36 774
304 489
387 20
693 572
337 747
14 487
239 319
309 259
11 919
499 34
857 347
681 886
156 462
877 905
135 828
253 548
303 400
648 218
506 185
238 54
410 475
276 600
903 876
164 129
765 244
725 695
920 517
763 838
933 174
291 96
709 660
744 253
257 199
213 145
520 783
408 578
162 743
340 439
407 376
153 965
137 342
11 232
677 179
828 469
356 215
406 370
88 962
849 774
748 151
721 475
856 42
751 817
256 1
717 262
204 545
548 395
483 384
657 317
727 208
845 189
921 929
22 829
492 16
455 866
782 182
367 524
547 579
513 236
358 107
176 61
122 854
772 241
766 926
480 108
941 380
341 447
167 491
145 358
42 598
111 655
330 41
869 318
31 427
466 109
562 126
54 397
793 869
339 561
256 589
143 298
420 30
498 487
925 117
445 748
858 43
885 485
399 841
291 112
873 888
751 240
625 421
512 219
52 761
306 662
600 92
809 962
619 519
489 479
662 259
56 345
594 768
712 125
964 162
459 152
524 585
751 79
727 292
796 434
902 370
304 613
717 557
905 719
936 651
807 259
514 289
166 158
1 678
104 583
438 198
541 505
726 831
887 148
455 372
958 492
959 957
76 398
830 661
1 656
201 354
58 928
615 589
33 334
579 715
201 221
143 455
436 911
143 26
884 80
826 111
315 343
828 388
905 750
717 493
45 547
805 134
510 738
942 353
567 873
464 539
55 53
653 82
596 48
514 177
359 521
264 153
653 503
683 164
226 841
839 961
208 600
775 941
666 412
780 702
954 425
18 946
387 922
392 500
243 414
797 669
349 278
526 561
536 936
386 762
829 168
705 823
478 867
664 483
938 754
208 321
449 261
753 3
657 374
428 651
590 564
287 629
249 348
129 329
436 621
372 182
297 853
165 539
484 337
49 363
854 229
792 889
356 663
844 542
183 353
554 228
927 963
450 36
313 828
931 677
705 194
449 89
897 716
7 851
807 396
263 104
119 931
50 46
12 421
315 490
760 664
43 536
698 748
759 403
403 50
858 758
628 758
416 342
767 499
248 912
166 479
941 616
545 943
445 941
585 4
874 503
768 414
175 494
307 948
566 672
538 795
636 811
511 393
870 843
360 630
582 883
770 289
732 573
839 293
775 511
860 832
789 843
620 375
329 102
353 437
57 683
660 726
561 86
384 184
867 788
857 281
194 401
259 457
330 115
167 913
175 964
502 796
393 765
351 319
599 735
74 575
431 411
83 755
54 269
726 150
158 692
325 267
605 522
467 952
457 688
721 931
533 458
957 568
692 264
272 537
105 933
425 56
964 193
677 354
393 7
372 547
467 528
861 628
215 201
480 141
37 429
916 875
919 291
360 840
497 538
798 91
23 237
350 952
484 352
208 913
550 132
300 815
685 430
831 783
912 956
950 339
316 4
794 344
896 942
557 862
328 134
184 192
943 880
537 137
625 452
743 127
604 101
769 886
758 184
228 101
540 841
463 425
53 276
675 75
58 574
167 703
95 507
789 459
334 291
574 825
714 18
17 942
426 380
219 662
582 915
695 229
303 952
405 444
674 178
462 376
270 620
315 624
22 612
56 163
668 147
167 874
705 845
181 488
138 768
927 385
663 25
12 244
398 668
356 487
516 901
456 694
621 36
147 145
961 273
652 56
596 541
277 614
698 965
832 453
86 31
423 617
330 851
127 843
896 955
965 336
345 895
285 297
205 676
834 414
150 303
147 667
715 324
455 275
801 103
823 76
196 162
704 808
559 894
200 434
