855
29 190
360 816
380 217
702 288
140 504
232 194
319 190
130 705
70 756
200 77
265 359
273 154
608 200
600 160
24 12
656 7
104 13
529 836
603 152
60 497
15 37
592 454
189 437
659 527
158 847
694 572
429 526
95 59
118 630
296 113
57 97
161 532
194 217
557 64
522 67
58 108
490 21
55 35
512 609
211 463
5 8
376 416
389 256
513 315
353 58
368 448
472 84
755 344
690 714
651 388
517 65
572 465
298 335
244 124
688 71
52 148
164 231
247 162
173 570
7 132
326 375
217 489
815 226
36 75
638 347
135 731
772 75
331 696
225 227
361 162
99 115
782 332
616 664
417 90
257 103
840 122
33 60
224 331
222 848
33 21
187 146
118 580
21 139
34 294
285 1
9 109
436 455
279 410
357 367
805 206
149 3
52 204
547 194
151 220
509 472
411 97
719 160
312 543
483 278
407 662
61 653
90 498
328 146
614 695
414 324
44 601
39 637
159 292
30 347
630 697
153 23
306 5
420 207
71 146
322 24
729 380
595 142
5 274
237 611
825 72
56 266
604 39
2 606
25 31
791 718
375 392
552 437
20 358
7 562
839 710
690 519
403 718
93 53
607 496
610 449
707 481
574 564
71 112
485 208
44 27
40 82
19 122
391 128
199 615
55 290
408 122
826 750
138 29
109 550
112 809
115 326
87 144
89 413
80 838
706 403
271 100
315 612
672 51
131 381
45 120
3 27
464 70
221 300
105 106
469 386
139 446
593 597
328 821
715 324
167 102
506 546
804 752
252 77
634 497
811 39
123 238
442 269
853 334
69 29
46 70
168 670
259 38
188 142
686 222
767 841
581 735
371 516
23 209
496 535
35 125
129 641
178 9
489 635
424 131
383 454
446 748
512 323
42 235
358 616
227 721
59 34
299 582
202 482
36 205
58 57
445 190
122 669
136 215
671 818
288 486
490 571
510 591
776 82
204 317
540 556
827 246
287 403
224 220
317 390
267 750
356 19
40 155
625 190
459 126
70 101
179 25
168 140
265 99
158 123
10 13
92 6
86 193
328 473
14 47
362 186
590 232
623 326
74 87
828 510
245 343
53 291
533 569
289 228
9 16
77 320
655 429
708 7
27 116
362 383
346 767
336 820
564 339
44 103
16 43
132 311
323 170
246 226
571 781
471 28
589 97
681 225
785 301
170 189
13 76
40 426
540 57
174 229
10 30
704 380
30 713
17 16
275 165
846 75
55 61
205 643
843 534
784 30
468 149
728 117
438 488
28 438
143 762
207 167
96 67
28 89
674 554
485 850
159 211
852 552
680 10
270 150
829 125
14 19
132 206
158 584
259 682
210 531
12 434
437 539
47 80
443 72
428 406
15 9
370 148
86 551
546 661
769 511
254 67
47 567
400 36
813 511
531 684
147 73
750 795
360 316
222 645
421 99
324 243
216 280
470 125
523 352
387 191
78 419
709 400
17 90
752 298
336 234
222 6
172 214
466 397
33 740
3 9
575 264
16 26
121 84
387 789
176 797
788 41
619 522
92 102
741 652
97 617
22 412
184 352
830 582
118 14
796 812
738 247
220 800
315 382
311 440
15 88
86 41
794 423
434 460
120 287
243 18
422 355
492 393
508 430
492 855
643 742
95 126
85 124
176 129
131 505
161 76
477 189
374 112
316 29
85 558
249 494
154 39
230 282
614 270
835 810
86 268
351 297
8 42
177 135
668 372
160 302
338 264
182 153
777 145
98 20
145 771
545 69
266 431
101 123
398 519
321 407
124 393
143 71
319 467
549 119
261 177
300 817
329 673
778 683
265 406
93 378
684 717
15 28
56 37
555 18
255 89
205 675
441 799
467 803
218 299
152 63
347 779
622 31
746 351
453 476
323 474
281 124
175 344
41 433
136 194
54 40
171 94
130 1
162 699
537 9
199 23
91 53
21 57
135 102
618 492
673 676
487 330
361 427
175 409
18 15
334 269
127 42
511 216
34 36
204 793
218 256
148 386
452 792
69 293
14 5
764 166
283 28
18 313
34 180
588 247
747 686
317 586
594 118
844 729
110 151
303 25
237 176
810 87
151 436
84 113
373 57
286 355
122 780
333 168
229 363
350 16
757 61
50 34
647 61
152 754
36 652
295 28
143 277
218 660
90 170
337 177
53 30
83 15
32 3
270 689
172 141
798 735
560 427
402 276
193 365
133 573
293 577
76 432
142 110
100 20
774 414
621 392
15 38
814 482
160 158
566 644
29 692
49 159
357 142
681 831
503 384
849 33
533 392
368 281
626 380
207 691
306 478
312 263
624 483
399 376
78 340
201 315
390 700
245 761
17 66
33 39
37 228
632 650
387 739
824 343
110 310
727 545
375 480
69 203
2 1
202 100
123 329
253 627
514 320
394 76
364 369
9 77
679 635
665 716
529 671
46 162
122 415
211 262
534 479
4 210
359 801
768 214
631 18
144 753
414 712
452 525
187 553
61 216
574 751
157 126
585 724
57 354
21 40
441 288
833 420
192 97
7 5
465 67
146 249
41 5
629 395
132 226
665 247
10 22
133 666
35 819
155 183
197 176
530 4
559 202
68 50
317 639
305 221
54 554
404 300
342 495
461 436
26 239
6 479
209 267
678 760
502 122
167 263
510 296
222 808
2 5
258 218
70 538
152 506
475 765
279 274
108 379
81 4
449 596
78 198
770 429
162 345
175 168
458 348
62 722
372 292
311 314
599 409
204 450
736 212
453 16
851 27
72 269
133 24
21 78
16 581
401 259
678 430
366 54
775 373
518 96
529 424
157 318
156 253
14 491
677 229
364 268
377 271
48 26
532 822
166 346
566 28
117 191
633 412
464 787
117 642
269 832
95 165
149 181
162 212
114 55
173 94
701 54
430 743
137 49
149 332
147 304
316 730
488 654
218 94
114 327
45 46
150 9
620 554
25 1
430 424
164 223
5 444
658 139
521 341
11 6
68 234
248 181
23 19
745 175
613 507
733 209
309 131
63 48
135 657
68 429
110 35
1 3
598 123
421 786
152 500
49 174
152 720
308 138
576 472
27 136
190 605
496 129
23 156
285 325
349 18
64 737
395 156
225 236
242 143
371 90
111 94
145 773
776 796
397 76
448 457
578 783
127 278
734 86
45 32
65 501
376 272
368 693
21 11
425 854
147 208
188 233
25 51
315 711
74 27
221 32
744 686
12 3
666 749
456 244
213 79
169 20
72 134
27 99
758 284
428 640
649 366
130 225
513 536
62 119
155 823
91 284
8 71
8 35
174 439
834 253
507 548
52 462
348 243
418 218
276 65
288 342
164 636
593 140
297 321
345 568
19 196
20 9
195 121
32 131
3 6
524 171
250 40
10 6
140 23
481 279
584 685
78 790
425 215
72 9
117 116
58 184
339 114
523 528
259 301
174 520
435 28
703 334
265 484
665 802
651 710
94 85
162 330
384 202
837 768
45 396
219 24
65 26
763 616
447 268
251 244
449 169
96 107
184 185
563 266
24 307
530 766
