1000 9899
364 558
971 542
225 887
261 146
302 780
447 237
968 988
74 919
401 461
509 548
18 428
744 35
764 62
525 817
751 800
241 31
369 34
385 773
170 21
868 204
706 538
373 731
744 961
782 167
285 917
18 112
881 216
934 34
577 231
208 654
814 166
726 960
452 710
52 823
968 951
365 472
517 491
796 182
602 709
926 202
199 849
112 121
402 837
745 935
502 258
641 876
236 474
773 531
481 5
138 702
650 793
196 632
614 478
476 280
706 585
926 942
249 914
106 781
427 282
736 396
143 860
383 379
678 700
814 35
728 800
272 198
914 653
310 258
116 469
724 788
983 553
841 976
589 690
36 310
324 930
580 459
943 731
505 971
936 907
558 262
104 659
959 173
769 61
589 404
60 664
257 449
975 731
551 984
183 500
258 941
9 497
267 953
752 973
716 616
350 907
167 928
647 474
817 491
260 407
113 790
12 802
677 740
311 938
575 5
953 241
90 433
181 870
730 628
962 125
670 442
907 932
327 77
347 691
248 856
54 821
502 989
910 116
217 163
458 159
440 905
403 754
387 153
868 454
943 500
195 884
511 918
890 237
875 371
892 563
264 394
302 198
857 781
753 748
662 678
738 24
278 191
411 474
982 919
272 4
127 36
754 782
985 473
383 541
178 338
749 521
374 225
884 784
331 688
637 335
300 833
27 667
693 822
231 987
35 180
559 606
48 136
228 20
675 117
2 761
958 420
777 677
832 520
11 109
710 553
290 60
223 654
261 493
319 187
581 788
12 529
665 329
979 708
676 591
203 547
475 774
569 346
820 914
267 562
52 260
34 795
958 800
191 211
928 499
621 666
548 784
570 808
113 899
39 415
298 23
373 625
688 403
986 216
311 831
440 188
433 661
431 390
930 547
968 754
454 813
352 803
597 307
448 374
191 518
515 608
38 447
829 384
904 41
687 806
553 259
866 751
38 270
425 987
302 371
143 577
718 827
204 625
278 232
49 688
675 580
188 221
10 813
999 135
553 482
990 350
50 173
701 42
98 673
114 964
641 743
714 279
596 320
422 784
908 443
654 691
879 672
349 641
187 234
44 177
63 919
779 430
746 23
374 892
968 485
883 210
759 831
997 870
154 512
450 491
430 685
270 646
608 203
683 669
945 745
551 992
912 359
182 700
246 944
275 427
608 297
366 9
116 624
926 239
30 288
877 643
237 228
510 808
60 803
955 685
835 147
628 236
468 584
506 263
837 833
899 654
185 298
21 916
473 259
564 226
274 16
717 828
354 290
429 692
748 918
549 707
345 307
4 72
702 35
193 17
618 850
199 991
146 233
916 901
1000 558
969 545
145 39
535 758
772 196
761 327
781 146
654 160
88 23
567 641
972 404
22 798
903 643
763 398
419 879
583 155
848 640
978 723
760 667
248 332
892 857
509 443
442 372
889 197
675 350
16 65
733 460
880 896
954 395
900 981
852 302
945 196
694 473
144 293
685 250
723 59
764 661
600 430
512 592
612 961
156 167
449 995
339 435
732 42
419 459
337 426
559 903
506 871
909 724
694 106
541 788
403 483
2 592
846 81
48 446
12 729
641 143
557 702
325 246
510 618
518 215
521 625
379 317
694 948
96 537
80 126
670 189
798 696
410 991
731 433
768 165
218 228
170 131
7 628
998 745
30 687
546 398
238 850
431 457
255 565
882 993
906 726
854 155
344 464
472 133
736 978
271 417
972 242
494 538
813 818
759 26
173 659
601 232
161 543
355 321
424 646
575 565
320 23
31 555
657 104
18 674
202 71
62 555
480 80
896 863
35 445
533 678
538 268
736 970
888 713
953 787
588 614
883 590
496 10
704 171
922 30
818 159
965 92
709 814
31 243
6 520
14 859
167 543
7 502
449 862
766 27
513 277
788 665
223 772
632 27
685 111
172 70
335 906
871 836
964 58
103 478
451 137
162 492
551 586
358 327
777 537
872 665
180 760
141 846
570 64
367 138
206 780
776 111
841 531
146 587
590 182
665 285
423 53
372 675
708 197
289 49
53 8
609 904
78 501
405 651
265 56
503 120
305 775
984 210
200 579
865 899
972 929
332 64
557 633
484 795
88 740
986 197
40 647
785 893
575 405
243 724
373 525
85 249
620 363
364 832
492 141
826 733
956 540
460 371
373 975
181 519
331 230
705 949
133 420
943 503
250 26
566 666
717 277
154 292
579 541
759 982
857 995
145 495
938 676
408 679
923 24
471 456
981 258
123 671
687 208
84 123
348 437
549 223
264 503
933 368
961 652
224 651
407 649
620 228
789 401
258 475
131 859
278 926
816 465
653 194
547 323
359 225
141 430
310 495
934 757
439 137
586 822
112 689
206 223
499 83
90 572
254 235
538 804
506 812
858 569
289 770
966 580
348 491
594 15
355 513
85 744
466 922
234 398
94 894
560 18
635 694
691 161
733 617
368 995
789 823
243 485
195 390
488 412
824 342
164 991
806 410
312 170
593 111
680 22
225 931
285 137
911 245
345 166
437 382
13 201
630 745
26 779
298 20
673 32
161 372
125 571
826 526
555 68
744 907
502 911
303 202
368 431
422 204
777 467
905 230
191 513
506 53
472 125
700 573
887 393
728 302
735 85
353 319
448 21
321 793
736 760
53 706
279 128
729 309
145 356
22 226
639 171
328 457
914 560
184 877
295 831
939 911
31 769
633 99
476 112
443 121
190 88
125 343
785 438
70 440
73 484
970 890
665 232
835 133
712 954
262 366
637 764
858 763
239 320
422 864
684 339
524 228
945 953
193 956
158 958
861 357
721 722
405 783
57 932
390 93
836 37
305 427
440 686
920 248
833 809
786 673
803 261
592 720
848 362
321 213
99 544
601 678
980 875
108 946
479 789
545 319
466 672
124 68
287 50
555 130
385 654
869 494
377 928
621 381
327 502
523 985
117 942
536 880
877 932
143 480
536 836
648 798
1000 312
423 944
566 544
218 466
381 806
368 459
830 245
282 951
544 462
122 182
782 120
948 352
290 854
809 958
807 671
169 31
278 427
890 179
925 624
175 17
431 251
770 563
112 95
200 938
238 755
86 198
634 188
84 221
959 893
749 285
291 925
952 577
666 755
98 497
136 654
522 569
14 691
331 541
114 871
157 877
605 367
883 92
159 247
650 830
66 217
131 623
638 457
514 193
572 975
957 967
673 69
187 43
560 527
211 417
547 283
500 790
895 331
366 639
499 410
390 287
413 982
875 791
548 183
56 717
54 936
419 381
775 904
906 841
634 594
85 846
301 769
893 999
768 890
953 434
494 561
498 369
51 963
270 611
831 584
73 627
845 213
208 294
86 362
779 171
817 380
929 282
508 41
842 793
601 642
341 903
159 554
493 204
259 940
833 599
480 953
246 524
467 849
964 411
289 133
772 726
369 87
556 829
960 862
564 336
801 34
125 626
881 508
366 260
479 361
631 264
523 541
307 854
489 863
74 631
471 987
649 71
36 733
189 792
970 397
237 378
844 422
187 941
388 396
636 832
965 630
359 683
866 156
386 893
633 574
24 39
208 543
436 650
231 493
911 737
944 782
924 364
601 393
804 746
827 603
316 476
524 665
908 824
856 249
453 703
788 870
527 833
466 480
927 381
801 825
128 633
554 531
449 513
154 133
945 150
451 805
735 609
131 655
786 731
413 521
148 436
242 605
866 611
903 170
615 156
780 754
175 847
915 680
21 53
794 375
888 134
979 817
319 304
654 795
162 493
932 729
168 678
150 522
870 389
840 120
937 962
759 919
405 936
483 392
873 240
581 719
276 187
686 650
156 401
263 463
103 780
821 481
777 623
467 877
234 732
436 48
293 745
555 202
591 696
421 191
691 146
712 511
678 788
476 916
572 250
5 438
762 621
891 67
24 896
678 871
679 186
826 730
539 495
138 885
817 949
605 866
472 98
848 781
244 654
668 56
407 196
448 411
129 549
18 479
45 572
834 323
709 597
553 505
735 897
151 48
173 408
446 916
822 783
810 635
539 43
776 295
575 953
120 737
526 343
197 419
589 993
457 14
277 507
853 680
531 832
576 67
315 41
745 588
162 700
568 935
844 876
633 135
281 26
780 196
510 231
262 274
870 71
971 924
556 306
137 795
814 654
357 225
340 785
180 558
73 698
183 421
943 517
780 953
582 629
324 269
627 108
729 613
295 188
833 765
86 771
968 824
115 305
831 175
262 862
599 67
324 547
886 661
703 993
445 977
337 680
708 841
33 215
610 747
481 933
246 743
912 793
485 577
895 734
772 317
475 256
578 508
400 990
285 938
76 59
768 396
403 675
133 374
9 824
393 473
13 992
570 763
240 234
833 91
415 799
106 655
305 735
415 557
74 353
807 587
166 337
766 954
88 61
827 530
579 649
156 718
710 173
456 688
53 882
828 184
97 162
705 291
500 345
321 570
70 159
698 668
560 661
776 594
603 873
89 951
908 38
712 703
497 727
885 332
524 22
121 503
567 144
79 298
193 947
340 966
380 763
662 383
868 512
760 905
216 169
135 405
730 545
646 694
30 813
444 987
289 926
570 121
664 254
994 861
122 640
416 263
94 746
901 256
579 122
707 49
671 426
953 81
864 628
521 309
575 206
820 231
379 113
164 835
21 401
365 62
185 296
591 880
973 660
860 222
784 206
948 67
371 980
57 870
39 274
613 889
448 293
891 11
657 983
570 556
942 528
356 613
393 501
454 158
61 24
155 95
269 235
307 392
643 290
293 229
921 644
854 548
64 147
840 852
737 700
476 384
158 127
232 932
283 288
72 525
73 212
117 3
120 793
600 227
122 363
140 126
732 992
783 740
988 410
386 218
118 663
46 112
896 659
22 489
908 458
89 828
54 830
349 843
101 497
963 490
908 345
893 885
984 527
146 816
245 562
842 548
811 959
941 304
51 962
141 964
45 396
428 276
8 526
586 688
534 688
574 637
815 893
281 526
411 587
906 43
416 291
473 310
705 611
261 197
427 229
727 54
342 16
954 670
307 538
786 823
787 498
627 755
539 26
47 938
485 665
106 960
41 261
518 273
992 908
946 512
855 944
986 769
290 776
934 33
826 694
297 60
260 176
815 294
66 867
109 831
226 460
577 149
777 379
135 906
602 704
17 62
814 469
856 75
839 130
805 62
277 629
248 507
836 644
164 25
383 407
316 332
728 948
914 633
843 421
644 658
645 743
153 217
425 604
732 891
865 94
421 517
44 341
945 230
728 722
927 402
417 461
1 142
826 414
119 800
67 669
676 993
608 919
58 440
646 713
958 719
116 246
577 876
82 450
712 981
569 556
487 633
932 730
333 83
907 396
551 981
629 545
707 235
653 245
746 271
650 903
786 742
289 70
129 957
403 202
665 739
258 859
557 341
650 73
228 93
618 325
158 288
414 846
490 431
494 248
665 652
601 526
413 366
489 536
570 787
479 30
973 374
497 5
777 219
155 731
88 742
942 606
551 25
720 27
96 773
669 974
913 420
587 333
865 867
386 572
708 667
804 986
933 826
476 699
892 479
725 41
374 393
122 94
108 93
992 584
147 619
313 855
705 213
19 677
188 52
699 885
529 16
993 451
442 443
444 285
653 111
491 520
606 913
370 681
62 807
675 280
630 495
619 439
396 766
219 805
550 987
954 304
958 438
174 447
676 773
572 726
918 974
766 132
513 224
405 211
453 541
827 256
65 761
841 700
237 987
38 532
404 75
354 729
472 660
939 448
716 655
399 237
759 747
721 708
423 168
134 293
142 816
845 335
649 444
786 895
470 508
769 587
208 811
946 377
613 281
838 555
820 696
901 239
597 304
339 544
670 548
342 917
695 915
19 370
757 570
169 33
598 218
198 180
878 698
843 206
938 759
302 374
696 317
236 398
168 118
625 337
65 274
356 823
16 442
700 396
188 216
923 151
640 248
122 340
857 671
970 902
352 731
274 913
115 517
933 51
571 502
961 887
300 238
822 677
335 814
512 631
558 928
125 454
896 470
666 192
689 33
967 679
818 391
766 81
768 656
112 814
537 340
867 342
931 333
471 28
99 981
906 949
409 635
138 27
566 21
294 471
690 830
720 423
976 817
519 67
722 333
851 531
765 489
458 655
80 857
385 531
68 859
100 88
567 521
105 486
959 822
825 29
627 361
204 494
152 689
890 765
323 456
695 672
5 124
298 246
120 763
416 85
548 902
553 628
281 703
863 339
386 629
454 780
630 405
591 913
562 589
400 456
881 129
114 560
443 618
616 434
450 622
865 629
445 297
231 344
363 96
610 163
740 546
390 977
541 527
945 398
891 694
361 583
503 644
268 837
952 562
957 319
836 560
325 53
718 564
64 289
746 709
675 323
183 40
657 459
125 605
98 563
484 456
357 838
646 738
884 105
279 731
158 920
859 829
197 958
788 375
703 612
63 773
51 965
654 940
987 145
94 933
851 101
155 803
837 639
750 688
896 79
220 663
741 19
18 175
425 442
150 825
618 753
232 76
169 957
385 744
525 503
940 414
427 373
302 643
322 69
290 613
548 811
762 599
601 979
688 635
108 709
570 606
22 765
227 81
876 822
570 598
861 690
532 406
408 944
134 670
728 377
165 124
368 120
701 154
18 62
428 795
514 639
1 848
857 191
790 464
517 376
443 743
248 397
882 769
265 959
834 67
822 801
126 402
640 861
770 900
221 683
168 78
27 917
156 567
933 345
292 87
99 57
594 595
859 355
875 783
992 744
340 315
468 368
74 235
292 166
187 472
44 455
761 51
762 348
11 790
267 352
202 695
672 778
296 688
407 580
945 229
923 734
73 418
291 503
847 202
297 810
675 93
894 83
932 372
71 1000
756 16
390 392
104 663
341 726
180 913
489 451
107 540
385 264
225 585
559 932
530 830
230 161
324 299
802 830
385 441
793 292
759 913
336 457
100 306
877 550
509 738
259 893
769 47
188 721
621 545
473 273
145 789
792 155
649 310
902 160
194 205
327 299
613 990
793 200
213 448
565 27
845 315
857 341
566 639
498 569
317 467
835 394
322 331
913 308
893 80
890 896
40 797
322 506
236 20
648 54
101 914
248 570
445 480
321 818
340 10
89 270
843 149
23 7
615 617
912 266
548 442
400 62
990 215
884 638
10 821
799 503
835 966
400 77
537 572
244 844
10 644
852 387
956 695
710 97
509 352
291 181
310 371
996 886
207 293
917 314
495 802
97 471
922 224
281 24
824 568
861 493
241 812
149 17
372 206
284 888
525 662
249 637
508 286
182 91
445 533
780 804
162 15
77 224
937 828
718 91
722 358
321 306
102 652
640 157
951 641
431 575
472 947
629 487
238 158
55 828
740 100
981 894
142 928
952 108
8 388
281 912
502 898
838 552
806 202
679 344
458 300
721 97
868 279
484 536
805 258
365 267
402 279
369 968
667 289
631 16
959 521
563 368
88 912
730 451
681 157
40 787
682 366
442 651
556 899
153 596
583 34
641 831
217 349
758 12
870 586
440 122
250 287
452 695
749 711
697 980
118 798
946 13
486 978
857 670
822 920
948 707
474 826
861 190
37 300
929 23
225 68
443 13
942 33
1 299
604 919
210 931
227 771
763 693
983 636
16 232
749 890
296 648
771 254
301 137
504 491
175 656
202 606
685 35
262 252
874 108
379 582
851 308
682 714
148 98
850 900
501 968
85 649
881 500
627 74
76 508
357 20
132 574
301 589
732 279
474 3
208 91
670 69
138 890
414 903
697 233
111 315
994 957
958 192
81 380
209 327
982 218
177 801
350 912
332 395
904 284
647 572
155 642
981 786
907 915
32 439
584 740
694 633
503 141
365 205
916 675
809 669
536 501
385 941
423 941
818 593
584 627
587 276
951 815
186 819
498 577
616 292
928 96
703 249
717 538
614 958
283 4
411 203
31 674
952 981
888 979
100 755
770 929
37 238
898 150
424 253
387 499
279 161
302 2
692 910
753 680
516 348
841 221
514 301
774 763
79 69
886 383
653 182
88 424
287 136
236 544
427 637
373 457
638 351
36 287
22 350
6 947
85 986
656 388
231 876
279 712
695 61
186 95
314 8
833 1000
689 76
410 615
659 660
957 429
300 442
819 878
396 997
769 69
935 336
21 496
667 338
933 245
17 837
256 175
103 419
385 461
560 477
501 861
964 375
398 373
181 107
879 132
61 517
655 899
428 564
368 701
603 714
459 214
976 60
285 846
603 255
18 331
455 162
518 388
993 987
657 544
765 607
159 986
218 258
660 733
721 409
43 693
209 589
691 705
138 707
786 215
308 311
754 291
872 397
479 462
861 627
387 85
50 346
17 419
92 993
181 162
807 700
611 7
350 57
460 553
130 661
585 672
765 786
142 293
165 972
10 911
502 263
89 674
696 502
540 168
112 205
524 912
616 589
232 898
838 60
93 235
405 287
79 936
575 791
580 643
799 419
362 156
325 40
533 531
1 482
371 840
990 282
847 439
758 790
1 275
337 475
210 107
177 114
909 897
803 130
571 174
278 720
746 984
799 86
213 486
769 135
127 579
662 330
976 589
479 873
391 992
929 473
675 45
275 699
977 437
499 153
547 999
452 353
129 770
45 494
467 189
837 594
821 381
609 531
259 892
497 217
696 649
878 241
87 655
544 589
322 55
588 318
241 173
38 958
685 576
623 276
988 454
669 972
997 463
568 161
164 532
806 175
402 161
611 325
574 91
912 136
138 743
948 180
993 440
807 723
946 437
991 391
683 990
500 418
304 765
510 817
415 731
731 970
734 447
438 616
791 128
575 597
924 371
374 318
197 287
715 350
53 795
418 158
259 244
979 293
412 910
698 647
314 652
996 992
555 824
348 931
754 922
718 538
335 167
390 764
270 994
72 805
749 917
625 655
148 506
221 220
386 307
448 632
529 961
180 779
272 438
571 202
476 964
352 132
50 631
502 831
372 382
124 252
927 150
827 258
573 762
923 791
727 293
640 239
562 219
55 744
611 560
375 847
693 358
591 635
150 887
564 501
637 137
298 658
919 540
989 780
919 853
800 855
78 469
817 667
985 713
90 495
899 665
203 772
973 280
423 827
51 504
948 106
324 972
109 82
990 741
759 440
284 114
363 459
471 924
442 950
134 724
194 355
144 596
770 696
825 451
554 3
811 783
305 551
88 913
514 693
553 329
408 346
937 42
792 803
670 708
692 772
969 665
53 718
773 709
443 814
796 874
507 679
454 482
442 490
633 981
830 537
448 823
856 180
606 992
18 633
240 681
426 934
634 489
568 983
261 776
465 405
349 363
361 421
989 315
442 46
25 254
513 327
831 409
499 160
409 712
655 751
103 482
654 982
662 493
205 78
298 688
544 824
211 965
507 362
59 797
355 654
689 253
164 420
470 205
676 616
111 213
996 141
502 594
431 722
623 110
807 87
954 761
151 723
394 592
986 22
534 868
829 620
787 817
522 852
83 886
533 856
808 697
237 1
296 493
705 855
8 417
479 550
782 205
273 963
660 681
130 588
347 766
421 91
761 616
675 154
104 473
131 330
334 839
830 840
251 683
282 802
731 265
249 301
196 876
92 909
917 851
921 649
648 463
889 381
407 126
936 458
187 720
169 317
813 636
335 456
799 569
710 140
892 743
221 497
331 529
995 758
325 829
810 705
560 692
946 62
28 646
396 418
36 137
455 833
244 52
289 627
362 91
961 629
544 480
387 590
726 714
305 233
931 13
988 670
438 15
828 643
280 921
137 560
779 449
28 987
52 557
817 427
196 228
147 472
632 226
928 739
513 914
219 442
717 407
591 386
155 978
533 261
316 711
812 316
560 429
265 7
926 204
17 614
859 251
427 375
854 434
161 327
437 690
313 380
756 912
484 755
34 574
844 83
496 161
665 690
181 74
269 298
443 946
394 953
643 613
847 973
705 940
530 209
325 979
164 471
248 544
775 534
984 148
706 423
861 594
203 264
443 761
523 989
321 709
675 946
145 407
824 269
886 446
581 452
140 142
790 304
852 105
444 291
303 691
714 118
309 946
629 121
99 350
961 567
672 590
675 353
14 941
558 168
495 776
847 39
188 992
548 64
14 860
430 890
702 917
224 52
520 737
520 949
859 746
12 52
698 804
770 377
241 663
591 211
807 54
262 197
524 168
232 494
755 986
525 444
655 551
233 964
234 407
418 206
349 998
902 388
9 507
854 653
450 351
252 215
599 955
985 579
712 261
125 816
589 65
902 166
81 298
739 957
854 478
753 201
530 306
542 705
27 390
209 543
1000 318
484 663
639 813
565 138
872 237
772 468
41 358
829 261
540 856
356 425
514 831
847 929
140 877
853 112
305 570
930 763
105 905
787 975
883 866
610 246
717 690
518 941
596 325
155 137
709 738
566 815
274 537
594 674
44 647
728 996
66 663
505 429
939 934
64 508
266 616
547 505
328 289
382 244
810 665
858 881
253 889
720 882
917 312
365 907
967 661
211 349
846 321
776 871
854 860
547 164
642 144
932 296
177 267
577 924
651 194
285 320
836 443
849 333
889 572
323 34
162 124
552 556
954 896
217 596
159 601
128 419
242 1
354 583
122 246
622 292
347 326
935 121
746 648
502 742
105 408
108 617
688 393
781 266
315 171
13 570
820 190
878 492
754 134
113 22
88 927
422 118
136 91
766 166
997 482
95 669
34 614
308 377
806 200
610 969
203 101
518 534
726 915
85 9
549 698
273 119
537 862
717 628
188 262
563 370
784 517
936 727
450 521
198 171
19 484
352 519
98 119
45 540
190 607
50 498
342 650
134 902
321 653
678 323
662 836
814 131
861 188
795 73
572 177
629 384
978 376
5 780
49 404
371 289
653 225
224 13
303 854
685 144
872 937
409 941
50 905
253 142
755 884
244 503
546 425
563 637
893 990
953 409
400 631
771 520
721 725
996 473
428 157
980 658
603 297
73 602
835 120
534 313
24 50
168 981
160 562
893 32
472 708
492 767
953 379
574 581
573 910
613 161
854 693
637 59
513 995
453 784
77 996
685 741
946 935
837 954
402 949
960 887
777 135
579 15
158 398
365 58
711 926
613 788
854 258
669 2
303 260
86 124
471 562
705 854
642 669
676 35
341 34
346 648
130 589
385 988
762 784
669 804
339 705
195 933
804 541
640 598
435 82
915 348
614 956
575 654
299 899
174 749
583 115
52 713
143 562
865 394
539 201
140 276
821 699
805 6
645 493
259 190
347 419
366 509
540 324
526 275
605 362
697 871
862 349
905 850
748 374
201 205
455 832
884 854
906 528
451 373
699 459
285 873
757 369
484 459
528 177
343 272
71 769
609 442
883 263
119 713
727 398
304 32
552 710
201 440
332 918
94 682
712 12
340 853
536 378
475 934
827 333
540 410
65 678
928 740
555 455
337 970
854 721
581 615
695 483
440 429
497 140
134 337
552 468
446 71
728 747
214 227
436 89
163 675
479 133
480 813
268 818
267 705
807 971
935 150
795 515
692 441
187 557
346 765
973 432
557 817
27 298
198 446
700 627
576 513
170 318
338 716
811 645
66 895
710 444
303 126
549 882
436 413
792 749
244 550
686 164
355 327
51 126
877 310
255 486
813 974
100 657
840 884
255 119
112 207
851 126
636 658
982 898
72 557
144 202
865 368
22 175
991 868
693 938
842 128
516 449
258 497
810 674
363 394
662 110
221 246
150 178
83 141
728 726
175 741
235 454
112 651
336 543
923 751
304 125
823 78
388 725
297 40
211 670
195 229
413 806
125 124
475 21
314 157
172 211
63 943
229 14
537 131
955 412
650 482
389 350
615 462
428 500
121 894
267 958
845 554
234 551
641 237
129 945
185 786
926 158
105 274
68 674
697 182
551 823
495 53
212 949
963 919
341 756
954 249
886 573
27 488
337 720
360 783
731 256
643 674
111 482
597 439
686 984
48 924
730 200
821 831
740 417
83 926
725 467
156 82
914 2
734 643
312 720
313 633
354 87
890 133
964 952
305 614
329 435
459 816
633 733
178 152
235 969
882 624
114 966
300 651
687 105
411 290
987 963
773 624
903 705
904 737
118 817
531 525
38 320
678 407
465 147
917 613
899 422
974 622
117 199
72 984
445 172
40 374
974 921
22 58
261 786
633 25
416 441
215 463
987 542
475 290
383 661
990 391
573 421
742 292
430 958
514 53
20 702
457 489
617 670
104 615
909 564
883 255
974 42
43 388
448 143
854 972
730 598
614 665
987 173
681 830
559 837
765 80
769 387
132 581
427 3
409 524
600 825
105 381
566 18
253 301
954 880
925 177
363 798
308 181
471 715
73 872
972 876
760 558
742 578
252 474
532 132
181 978
995 290
669 61
235 3
772 314
41 304
351 594
939 424
29 416
911 335
491 289
255 344
420 995
921 770
350 100
317 101
741 821
156 805
196 778
692 151
347 946
118 115
542 393
943 6
66 982
876 43
622 579
36 802
933 60
908 878
695 515
13 78
696 432
370 999
745 753
538 334
261 997
653 143
693 994
344 633
254 476
805 980
937 526
944 696
27 636
945 209
927 449
531 856
35 89
422 779
828 266
483 779
10 409
998 94
410 415
598 868
859 676
733 131
538 915
222 664
633 279
318 603
528 229
676 805
756 75
189 982
172 4
29 653
950 63
534 318
229 70
470 848
372 942
613 160
137 325
506 328
492 527
276 888
138 889
930 269
440 1
47 556
428 738
178 653
105 635
986 20
372 903
138 603
472 769
574 902
385 930
482 486
757 617
276 700
460 433
100 920
619 632
655 496
364 21
27 224
61 19
218 282
930 800
79 691
482 187
113 192
818 769
694 360
451 824
32 886
567 670
17 230
204 652
66 685
50 102
144 239
593 836
903 521
425 730
658 409
72 897
325 49
533 764
841 911
979 76
272 210
914 673
457 858
165 617
140 715
747 169
380 566
516 524
846 271
956 475
461 787
957 910
337 269
559 686
598 896
390 903
16 870
825 528
399 621
606 655
793 50
632 6
794 285
334 82
959 973
292 578
133 578
82 362
689 466
176 235
909 717
456 213
154 792
388 528
116 957
318 337
342 331
146 606
38 592
636 299
929 141
270 391
460 543
522 20
794 977
579 93
427 216
708 895
158 344
163 674
696 176
313 273
406 822
725 732
636 9
527 330
814 481
677 601
863 290
521 165
341 84
658 374
950 32
579 776
891 888
70 537
948 211
308 306
644 180
867 5
505 787
397 452
683 561
908 976
411 168
99 940
948 497
986 556
734 454
277 527
120 604
908 935
942 734
876 115
968 186
951 579
143 902
705 381
152 66
88 361
399 909
201 910
979 251
562 433
752 898
233 509
69 143
159 442
453 224
673 928
814 43
652 130
283 545
654 592
987 565
110 708
681 16
903 275
887 800
818 361
373 65
15 883
538 88
371 137
832 693
708 264
891 652
879 938
197 781
435 952
665 91
115 140
584 133
548 288
348 286
702 757
153 280
67 446
730 738
231 627
405 946
814 598
827 625
517 593
63 27
656 943
275 11
996 71
617 142
623 160
147 69
367 998
886 562
856 577
838 945
638 615
90 441
932 790
809 589
475 577
808 441
186 916
170 497
463 660
318 137
360 927
363 480
863 407
630 422
248 864
833 555
805 362
453 976
406 687
333 837
762 841
855 704
724 269
947 102
511 124
329 259
505 368
94 29
886 304
347 424
503 731
616 820
735 796
41 800
4 444
904 738
173 291
988 424
878 876
3 252
478 414
600 160
641 610
325 9
291 185
989 50
934 669
637 608
768 619
362 14
714 507
720 884
348 45
340 377
616 985
16 799
235 421
419 170
132 913
727 448
158 837
741 740
375 554
819 826
508 137
262 649
475 112
186 389
295 293
525 628
87 71
659 574
343 57
915 936
807 334
370 249
902 102
246 940
172 839
412 848
51 686
919 754
100 417
910 540
270 383
860 619
937 706
60 791
85 324
346 912
772 660
298 31
544 731
393 225
804 773
551 40
958 10
132 992
808 623
666 853
968 672
649 129
216 218
126 893
770 695
518 621
765 633
830 851
722 968
311 586
64 141
562 644
662 747
274 744
615 649
981 303
675 588
500 979
606 84
678 321
974 728
887 597
239 762
24 969
25 304
481 182
796 523
699 304
645 826
831 855
390 667
124 953
475 257
2 947
497 713
166 870
561 384
512 588
41 411
811 568
120 191
319 481
231 725
417 377
418 18
595 846
580 154
661 799
569 623
441 220
210 483
676 516
474 412
8 726
975 520
333 516
926 445
512 32
613 48
471 750
446 56
708 939
893 497
807 33
914 141
895 760
181 678
920 554
868 160
58 288
502 994
321 155
861 681
952 251
139 659
702 43
995 63
320 357
218 588
496 102
313 688
312 620
655 352
235 771
731 902
353 348
828 986
64 233
672 488
835 868
88 31
843 337
726 526
966 25
490 366
37 379
72 515
499 724
247 670
286 538
639 136
733 339
885 8
124 878
50 841
111 592
799 233
34 437
141 495
334 32
143 785
310 89
59 987
958 725
996 616
63 947
814 857
907 9
6 21
992 415
478 914
85 824
376 948
910 779
140 527
846 215
845 95
241 363
51 742
368 546
664 79
646 35
5 185
924 897
265 4
952 458
630 697
152 658
595 678
389 171
392 129
782 402
290 544
117 907
189 302
389 828
526 288
953 19
165 261
611 301
132 82
170 429
777 387
998 963
820 487
967 144
951 783
623 466
614 975
304 838
56 192
217 255
256 781
60 259
322 895
123 741
506 231
805 87
112 114
866 71
943 57
236 467
86 971
701 119
313 942
135 625
140 137
217 776
749 651
254 315
624 248
738 252
760 412
482 958
582 53
123 944
839 926
879 925
22 28
916 368
11 781
339 136
178 310
188 288
110 692
530 437
991 769
831 764
766 3
615 234
406 999
340 772
215 248
751 282
133 85
390 28
889 143
450 299
802 180
529 660
698 5
681 849
229 157
452 508
453 837
919 988
885 834
836 282
582 802
324 960
854 354
657 574
114 433
65 851
416 35
470 490
75 294
402 10
369 197
66 191
261 683
209 685
672 195
526 226
564 81
435 31
303 28
808 402
379 473
421 481
889 329
27 86
815 177
601 125
766 897
291 973
623 724
148 834
311 406
41 150
938 684
723 974
740 528
407 931
191 856
505 449
24 895
331 589
95 508
570 326
32 558
552 181
805 173
985 125
79 904
763 575
194 319
608 764
561 266
905 872
357 935
653 250
115 807
469 809
236 612
262 378
410 441
770 425
354 171
903 135
174 449
659 867
381 3
297 922
82 416
141 793
435 925
681 828
591 289
745 113
525 627
658 51
731 162
113 719
384 929
920 19
404 428
298 563
910 626
487 889
163 543
295 10
413 475
270 380
955 664
137 9
88 601
535 801
699 671
78 712
117 978
706 177
744 100
856 606
319 870
583 725
325 741
454 907
627 689
41 310
792 410
846 589
151 937
652 850
392 40
545 230
303 210
530 370
14 99
159 926
539 448
811 359
423 533
815 375
195 970
18 945
519 5
400 369
712 39
852 863
959 645
249 134
123 685
803 368
17 248
880 32
218 651
610 153
168 124
999 928
481 491
842 726
217 465
351 955
403 868
540 355
500 160
945 501
879 868
40 453
280 628
210 781
600 189
268 237
288 787
220 214
719 188
542 671
185 554
148 410
497 712
337 295
48 222
175 671
593 947
755 889
153 437
945 665
168 726
940 108
615 306
393 759
929 389
894 511
769 124
784 814
147 448
292 496
828 985
99 987
649 983
447 29
217 516
328 875
475 972
295 89
777 938
617 43
53 39
552 922
592 871
25 574
523 267
363 860
584 267
860 584
402 944
848 384
886 712
543 259
393 179
255 907
481 986
621 262
53 362
113 55
612 281
479 64
605 818
108 366
550 157
734 718
518 703
42 140
423 569
375 271
523 727
948 360
56 288
844 265
296 271
575 651
298 421
299 900
981 224
32 793
877 335
166 372
38 994
579 733
790 231
70 976
342 661
143 940
292 426
757 826
424 226
44 699
653 975
891 588
861 156
801 676
417 879
164 236
974 565
425 517
248 341
680 66
990 291
427 661
176 673
14 981
679 925
166 816
922 178
432 753
562 237
836 988
710 829
567 860
7 389
263 31
984 534
988 38
491 518
439 894
138 455
49 224
33 763
570 450
770 256
898 461
257 499
315 677
945 814
358 709
197 585
976 900
78 196
81 32
427 60
752 987
90 798
191 337
116 558
945 520
30 506
77 901
635 999
191 141
982 136
33 39
542 262
415 247
337 745
122 897
873 975
177 832
930 414
289 270
327 466
717 838
95 950
282 713
725 331
545 61
213 423
331 82
504 688
618 812
730 354
454 866
971 84
352 996
424 273
227 420
269 183
236 46
388 283
265 592
268 369
216 2
660 754
625 346
120 606
839 891
805 39
562 476
339 941
200 843
952 724
849 776
222 794
940 609
832 122
886 301
135 897
819 356
583 263
343 610
187 883
607 397
900 547
835 396
923 450
943 911
660 580
609 249
297 643
926 694
987 420
434 540
898 143
487 737
214 518
223 783
10 302
50 735
896 259
695 141
348 280
295 259
543 401
426 446
7 143
581 806
16 610
292 759
8 594
617 82
154 752
121 771
272 779
256 128
518 168
59 565
655 961
860 385
842 948
954 714
760 533
209 369
949 999
531 828
934 267
822 415
960 946
632 591
192 556
857 302
15 68
678 780
290 581
834 6
82 803
946 588
194 489
622 985
843 988
476 771
208 725
674 558
252 518
492 21
187 961
633 625
136 385
523 799
874 781
247 797
584 799
678 121
610 771
442 753
829 483
575 707
196 928
79 885
524 550
852 171
711 7
347 993
895 247
848 690
121 16
654 272
166 995
192 293
476 101
418 810
555 823
383 125
281 226
488 954
698 853
65 267
241 806
441 484
810 935
758 529
177 482
452 172
897 41
993 896
262 165
586 383
30 129
570 506
963 571
202 774
426 402
928 688
466 529
587 853
34 79
822 28
716 567
594 407
99 527
622 441
968 800
751 31
988 675
114 240
812 369
389 448
507 419
553 871
261 6
450 65
252 469
380 258
852 676
941 821
835 334
571 603
892 165
545 754
694 663
511 713
313 440
761 742
464 700
268 580
696 119
199 92
925 155
721 484
504 106
688 747
670 559
48 778
910 94
839 396
342 940
240 226
973 710
26 421
243 985
762 875
412 346
19 372
17 110
736 770
364 67
365 406
403 905
151 255
887 305
230 540
1000 587
197 365
623 747
37 244
205 850
903 657
28 409
129 528
87 367
931 728
827 923
410 152
614 577
602 933
808 60
409 151
541 838
590 322
710 71
331 854
559 294
227 777
106 218
287 35
490 189
186 210
166 868
315 442
135 239
504 497
612 983
576 325
387 998
600 587
374 842
145 808
516 841
258 585
765 128
274 788
932 537
781 690
578 997
744 389
541 199
158 65
509 819
756 372
719 608
668 662
116 971
669 331
997 78
980 892
488 82
750 270
661 295
480 918
547 640
716 313
533 349
167 243
703 13
662 117
621 372
532 155
80 170
906 496
857 358
345 58
787 79
346 741
62 249
592 28
504 661
913 357
967 174
381 829
296 353
631 93
243 772
248 666
598 142
545 882
123 362
288 261
217 225
660 549
296 240
745 420
566 859
625 189
147 571
540 162
895 830
588 662
934 878
496 326
829 156
851 134
28 509
126 456
953 908
352 261
117 11
528 163
378 729
491 842
516 489
450 683
12 56
529 866
269 679
145 601
884 850
392 922
634 377
999 387
340 524
381 961
12 297
520 714
340 727
771 969
728 621
464 154
641 330
346 496
93 837
780 876
159 366
91 428
715 874
171 276
535 409
870 406
179 37
917 207
242 867
299 232
963 129
945 702
414 203
950 818
123 374
815 773
357 259
472 595
220 541
973 755
924 899
893 290
252 430
768 191
163 679
898 782
256 626
545 60
602 7
506 400
351 782
237 480
795 948
423 591
355 109
213 23
251 332
783 159
91 679
905 293
657 836
342 980
75 235
916 931
331 325
151 182
748 146
942 278
139 743
469 576
448 197
314 754
813 748
690 976
641 539
182 421
979 109
961 522
205 717
520 535
797 777
383 578
117 878
153 451
851 148
889 969
799 92
983 915
196 39
289 643
253 178
490 305
110 549
387 830
286 48
132 734
958 582
172 207
465 83
543 488
929 332
197 556
750 366
493 389
404 394
8 595
928 576
483 435
559 786
142 514
441 907
579 429
980 948
195 404
432 578
252 67
289 207
843 608
626 880
57 91
385 604
134 305
622 252
753 371
906 313
488 328
198 535
860 672
830 88
578 401
796 344
800 923
327 669
601 356
325 656
198 422
588 26
881 96
772 465
350 253
612 144
930 645
607 735
655 309
142 152
770 577
476 546
960 383
444 64
467 289
123 643
624 940
326 36
277 544
83 369
781 208
829 196
814 360
410 114
545 757
322 774
788 771
663 93
908 93
261 991
675 691
951 326
992 797
573 304
336 170
371 328
689 851
598 749
267 389
419 222
809 458
645 852
957 578
634 689
780 253
505 515
750 823
624 455
257 24
281 146
304 29
512 530
16 929
591 178
356 322
632 65
525 736
195 197
401 838
328 994
500 544
121 685
711 862
103 581
234 500
767 546
815 844
618 286
5 96
622 446
698 406
403 238
404 285
522 88
775 382
355 745
941 530
212 870
552 847
761 907
242 345
413 330
877 805
569 12
716 357
865 933
735 301
207 850
668 448
373 582
246 764
156 236
229 994
565 120
624 524
696 905
40 621
670 439
298 173
929 773
664 541
83 958
283 128
191 523
564 55
271 483
856 640
423 740
105 991
551 496
400 371
863 170
98 112
607 674
302 382
196 901
926 819
502 321
936 99
101 657
230 383
670 1000
839 979
917 645
849 855
603 864
619 336
586 126
434 707
404 927
865 679
116 481
211 399
497 718
656 415
732 170
804 239
510 264
131 607
229 352
11 53
839 400
444 664
928 769
367 502
258 582
427 837
335 596
106 268
548 379
733 929
420 994
707 794
465 155
691 152
216 863
531 552
551 917
333 484
800 519
181 639
911 317
53 37
863 532
519 200
264 836
872 505
671 413
711 608
195 377
588 493
704 998
194 12
123 158
158 499
668 292
801 141
985 344
70 522
53 360
754 167
630 626
132 121
830 16
796 384
618 822
895 586
97 537
339 708
618 857
584 969
269 145
181 581
107 975
389 520
429 587
302 299
892 543
251 385
666 598
353 337
355 447
292 274
511 32
245 84
945 390
608 126
562 393
357 539
504 193
106 797
685 461
45 942
887 939
657 308
508 520
993 124
499 503
600 266
345 925
508 639
715 971
702 995
728 108
334 39
63 559
634 745
703 829
399 170
326 699
864 126
537 392
443 381
814 860
763 948
68 6
367 10
59 845
889 526
485 123
50 648
254 952
517 744
812 20
195 42
87 8
916 10
845 92
919 949
225 775
232 37
808 169
290 349
8 662
834 798
483 372
893 289
808 893
94 606
55 972
441 840
726 131
945 555
233 558
43 46
341 930
363 822
318 484
677 470
682 124
333 972
677 423
588 70
882 198
868 470
869 635
602 294
97 346
695 979
481 311
83 743
909 357
216 4
765 352
957 121
762 19
339 830
848 415
364 283
11 544
5 230
16 506
131 987
867 453
892 901
504 221
361 692
126 372
899 478
582 187
585 229
700 146
719 118
776 738
137 884
979 989
338 47
466 248
569 857
589 678
718 314
654 644
975 393
119 827
437 387
673 127
413 944
949 622
586 872
625 966
628 35
955 181
663 764
850 37
832 568
659 697
200 178
458 922
628 82
149 231
745 154
346 833
241 491
298 882
405 958
239 404
372 519
582 962
744 111
195 6
531 608
197 700
272 781
115 351
486 34
988 251
411 558
711 667
142 690
346 9
474 194
898 864
773 372
878 107
310 535
869 300
63 485
856 581
548 887
313 418
21 977
312 380
542 365
47 849
622 991
800 598
189 160
134 739
123 420
985 1
184 288
875 843
26 591
977 677
905 320
729 4
385 30
515 641
519 727
667 458
136 110
925 959
969 375
586 855
681 75
169 383
132 48
585 935
913 872
509 391
187 399
978 654
10 652
482 577
892 916
537 693
561 271
743 227
267 388
844 870
809 777
676 959
272 429
497 690
439 819
561 489
907 197
230 156
15 960
73 727
811 609
243 35
81 844
104 763
112 780
547 59
366 799
96 271
333 110
247 801
785 771
591 467
224 675
354 750
484 125
871 579
621 620
104 961
935 486
189 512
405 579
630 839
825 8
167 201
450 574
178 738
765 318
476 963
661 483
242 285
540 660
423 816
299 366
696 906
4 969
406 621
833 311
502 922
428 793
952 227
592 186
166 109
901 214
673 287
394 872
35 802
620 332
515 620
551 282
130 530
919 278
101 923
260 881
815 225
230 899
217 755
679 438
611 68
499 990
260 768
435 282
44 722
194 270
248 461
467 173
88 182
783 613
472 277
571 547
628 560
130 423
421 740
705 313
926 835
801 782
343 951
734 188
793 654
405 336
481 202
410 198
193 766
33 769
268 232
16 81
264 400
111 568
718 592
184 999
59 213
577 656
824 995
932 470
663 326
166 922
723 43
599 580
1 205
898 373
314 124
741 691
23 596
979 353
29 648
711 940
762 83
321 415
203 669
760 770
816 52
926 57
986 332
552 526
780 550
506 553
363 864
73 958
4 760
581 542
925 886
968 941
574 681
955 697
933 566
990 569
976 487
138 580
692 419
592 23
578 470
839 477
431 611
679 372
157 918
812 923
597 219
246 507
435 88
734 348
346 517
826 288
942 649
834 366
283 28
414 298
192 978
579 734
60 89
580 768
232 942
598 473
785 220
325 171
73 194
3 171
5 232
692 517
932 20
455 937
353 931
460 961
118 749
429 14
585 200
89 921
366 667
420 343
463 339
712 709
822 670
490 159
292 873
775 876
447 536
977 304
22 62
797 581
230 164
582 393
990 567
332 908
760 943
655 712
197 566
842 701
859 354
629 595
542 186
689 294
242 858
447 50
472 678
868 215
204 293
756 330
445 589
156 384
836 290
350 602
171 69
322 43
142 838
648 967
481 906
133 1
962 251
293 527
506 303
893 401
294 28
207 789
352 43
635 198
164 567
622 960
15 146
806 187
535 987
312 843
441 553
459 957
406 644
781 456
286 958
722 156
886 919
91 726
972 373
847 635
994 413
784 579
360 725
367 326
342 581
1 687
109 966
827 743
808 612
122 435
801 724
107 173
786 256
214 698
58 923
439 362
459 616
317 906
1000 788
718 728
749 647
680 914
2 162
663 59
131 986
444 371
338 266
50 150
865 251
222 936
286 184
117 158
836 940
602 778
549 257
115 885
296 697
678 964
250 672
470 721
509 181
625 884
609 111
224 971
85 902
452 31
766 7
924 103
452 75
859 784
261 614
570 485
537 20
242 818
46 598
893 113
580 324
868 533
931 413
241 379
242 20
149 440
501 825
582 806
16 987
190 159
686 768
51 631
890 570
212 546
15 65
881 405
437 671
111 488
441 724
423 924
825 702
998 784
940 60
517 16
866 402
541 39
830 41
541 138
523 643
249 396
673 370
215 181
944 7
352 899
830 184
853 121
377 304
655 311
714 977
402 443
740 653
282 869
959 621
230 631
984 119
88 44
676 405
913 77
311 402
635 302
50 88
179 772
745 799
377 131
882 581
415 481
119 384
990 367
387 320
524 775
839 638
953 827
899 317
461 756
297 595
483 900
210 948
488 558
819 754
513 419
608 879
201 143
757 386
300 197
743 115
447 694
84 732
419 337
332 758
22 286
996 605
524 725
854 855
399 416
681 919
132 813
719 875
558 303
431 883
345 758
896 226
509 955
37 964
99 931
677 939
488 234
968 212
271 779
368 896
722 351
135 328
928 546
30 422
306 950
327 736
94 757
39 178
411 596
166 574
665 611
938 559
603 142
935 199
665 999
120 760
962 35
764 123
692 456
948 114
311 818
62 192
601 786
854 108
490 947
451 624
517 116
669 857
545 964
766 854
273 249
883 982
421 385
478 178
226 59
338 545
853 398
856 414
141 2
849 939
995 885
335 508
126 245
327 338
787 609
974 733
62 751
736 466
753 532
663 99
932 64
844 820
707 704
176 776
370 594
611 656
599 583
158 795
175 667
824 851
514 19
970 753
296 512
480 365
297 873
651 150
301 785
802 790
823 908
560 204
686 380
708 476
176 197
196 136
309 439
38 735
423 403
214 508
287 608
54 149
55 708
658 615
722 323
756 899
673 781
56 889
111 221
319 928
391 599
877 950
810 826
964 570
432 667
108 580
685 496
485 659
29 380
639 797
549 613
350 808
41 578
708 694
770 741
808 560
934 48
703 381
892 426
515 587
56 292
807 659
380 452
652 592
748 169
514 657
252 952
308 634
554 894
576 986
585 29
9 547
17 216
255 88
138 329
40 135
775 568
278 112
279 297
637 961
799 438
430 175
412 974
255 190
85 105
982 859
438 229
668 531
704 203
193 842
823 242
587 475
475 352
187 148
543 211
343 297
328 94
660 332
400 586
556 237
667 652
851 475
101 216
67 456
133 419
224 765
940 227
725 787
655 632
267 907
362 519
483 489
18 904
712 273
775 57
938 351
77 897
247 497
449 314
803 523
481 905
925 484
412 217
865 995
574 981
63 336
859 401
200 818
518 268
464 647
618 808
252 766
273 935
94 265
938 915
133 435
961 82
84 295
212 348
654 111
801 393
235 853
326 428
643 506
937 217
4 160
614 851
83 745
472 432
680 885
734 456
883 910
283 360
944 202
761 223
89 730
291 818
936 61
525 53
728 959
88 286
537 735
610 447
923 454
652 184
529 835
857 590
841 113
864 318
594 875
775 706
903 265
908 481
720 797
979 844
231 651
400 551
224 955
685 98
334 176
689 103
877 538
354 857
464 249
427 911
263 285
552 568
384 986
827 366
43 191
941 666
512 454
470 146
200 402
6 464
82 618
319 107
466 717
752 842
271 980
704 945
872 51
963 924
142 803
808 859
700 857
384 663
962 220
981 864
693 92
259 658
599 262
584 549
35 955
113 243
792 562
568 25
40 914
61 377
728 351
109 792
960 370
575 897
179 150
311 493
956 998
593 996
834 454
491 233
205 827
961 969
716 289
588 552
701 775
405 314
814 222
600 166
693 919
31 784
13 261
804 16
275 802
844 785
3 371
426 858
758 843
816 462
598 736
714 485
720 874
184 956
82 123
616 991
506 227
474 753
756 207
297 780
444 741
194 752
413 914
675 99
698 192
205 464
693 587
287 766
971 793
517 669
699 214
167 788
685 983
599 881
71 721
399 321
665 347
119 428
68 585
640 151
91 183
204 366
849 103
171 127
172 972
146 307
608 394
321 319
655 854
397 578
159 871
523 753
938 166
521 150
425 265
759 258
905 55
146 469
682 163
262 519
708 595
912 676
674 991
126 788
938 984
763 37
156 909
810 158
423 737
282 983
96 114
554 155
496 463
947 851
134 141
841 461
549 900
701 73
494 825
580 814
692 956
514 428
841 917
588 765
24 928
114 884
596 208
527 610
572 73
288 862
162 613
435 683
183 985
885 175
192 436
417 529
895 346
384 215
315 446
723 45
764 647
784 231
513 319
586 863
438 56
849 485
376 812
724 961
564 926
33 722
250 840
300 747
751 488
712 902
202 983
594 85
405 786
10 226
543 28
646 799
538 700
389 270
281 397
986 330
345 578
241 433
169 684
928 591
11 357
514 715
826 354
848 502
39 629
744 167
377 962
915 376
555 241
50 805
78 574
315 856
816 739
88 570
271 189
132 213
265 460
79 743
823 964
472 776
414 687
183 563
359 549
640 703
255 660
950 924
587 125
246 505
805 300
398 850
413 197
942 655
283 30
31 660
910 169
469 455
17 78
438 702
397 86
648 504
5 549
451 801
876 6
406 75
528 749
953 912
202 420
978 709
839 944
71 586
148 613
349 420
496 600
334 264
33 803
625 765
76 967
223 897
885 308
499 105
797 978
689 233
233 181
50 933
146 804
65 257
499 22
927 192
682 545
594 57
208 388
889 531
806 866
467 974
167 988
137 281
290 565
719 576
973 704
134 190
391 549
413 493
418 389
312 128
241 302
777 858
808 864
406 969
902 834
928 329
450 901
161 350
90 428
913 905
937 429
994 710
740 38
408 522
53 329
644 300
4 899
276 744
522 704
429 650
566 537
614 961
964 844
126 703
298 953
554 192
661 876
991 405
348 775
653 780
196 841
639 487
285 648
597 809
970 144
772 174
938 690
300 671
14 745
813 715
454 400
737 724
273 891
314 527
197 434
35 427
491 157
554 629
296 925
850 476
101 726
32 631
740 815
868 745
850 254
443 188
905 967
232 569
658 761
497 651
97 305
429 274
106 417
949 619
641 426
626 680
556 323
650 648
153 368
742 18
319 295
837 695
414 152
555 661
551 969
474 431
548 836
892 173
716 671
347 196
255 871
255 872
988 587
311 895
807 22
994 635
167 183
207 890
82 909
839 333
837 779
865 782
265 274
479 118
796 340
778 763
105 709
479 103
645 105
167 405
740 425
958 480
246 438
359 621
682 494
222 447
833 74
942 596
35 664
401 160
45 559
193 324
502 206
218 689
239 777
859 461
761 265
874 552
433 294
726 584
987 840
329 102
168 164
481 163
62 832
410 225
549 338
1 452
443 328
149 836
614 440
483 902
300 816
28 711
624 364
511 424
850 226
842 501
729 743
824 953
665 143
50 618
396 577
1 23
206 919
96 147
919 481
498 347
6 768
502 109
759 844
211 578
196 150
253 451
330 868
389 297
816 11
484 233
676 751
661 157
864 775
439 579
741 463
744 317
231 393
253 293
327 159
378 79
24 253
354 604
25 548
198 853
882 230
276 979
995 477
13 672
33 226
588 340
905 54
155 691
925 427
252 321
492 336
991 190
998 818
13 898
216 306
324 837
971 130
412 703
276 672
117 766
562 605
191 567
378 10
19 382
484 205
791 853
796 205
487 130
288 476
936 472
616 608
731 849
697 993
610 2
230 10
459 562
207 176
409 233
729 432
503 805
839 975
127 969
623 980
24 976
830 662
409 154
46 97
799 365
529 889
680 251
112 493
420 318
991 929
372 23
870 818
653 280
512 980
250 631
107 290
71 647
367 284
97 264
120 87
146 616
525 930
305 251
548 129
306 532
515 344
516 679
276 460
712 183
244 504
997 774
581 967
698 229
898 483
607 887
833 906
561 155
92 535
768 795
395 910
78 242
318 701
664 58
319 204
376 526
713 433
841 580
882 296
313 35
333 480
327 733
581 650
877 739
859 120
4 763
884 477
388 858
426 149
941 626
156 302
964 405
629 275
825 41
643 929
6 296
542 398
379 12
285 14
760 712
424 541
886 637
300 513
749 203
933 900
203 171
204 192
721 426
26 736
84 414
307 249
57 50
40 988
222 484
632 874
118 181
449 152
892 420
423 644
62 476
389 628
655 361
476 486
619 926
891 725
486 651
487 166
680 810
771 501
690 255
670 953
451 689
14 701
478 624
438 985
221 455
991 743
795 408
979 231
175 490
162 535
202 308
349 419
79 78
983 676
710 932
983 653
54 664
148 469
775 728
614 320
444 584
376 110
36 258
612 865
793 905
421 840
462 28
987 463
533 855
659 673
76 565
276 87
461 109
633 420
837 722
585 265
859 934
936 701
557 211
860 260
128 501
525 774
431 523
87 245
570 145
298 224
981 729
428 559
912 944
398 499
181 993
128 275
828 336
954 675
152 665
81 341
912 975
30 670
713 792
808 752
94 493
597 410
691 605
158 603
527 451
86 145
839 301
342 249
473 76
651 579
368 406
756 777
374 156
247 134
449 203
602 435
1 898
364 994
97 569
499 893
173 644
984 239
32 204
105 778
17 408
388 257
21 796
446 539
984 158
75 895
113 384
820 55
941 5
281 164
856 88
279 610
649 849
986 679
987 404
847 666
891 16
410 27
598 504
377 228
515 980
645 601
102 374
908 189
175 398
359 157
362 131
288 738
606 934
789 398
165 676
884 780
301 36
179 632
989 87
477 355
334 404
488 580
624 464
571 187
699 494
928 972
466 135
379 682
698 42
989 377
976 568
903 41
279 755
621 866
846 487
423 452
456 881
209 56
707 841
395 367
856 775
52 385
272 769
972 754
294 450
594 316
928 392
485 381
280 41
510 768
86 390
125 951
455 234
976 19
137 103
104 238
893 434
786 780
535 907
630 527
223 239
575 410
65 197
554 387
517 29
386 561
118 322
908 654
982 507
855 619
705 902
7 128
657 795
786 65
572 466
437 815
856 389
305 641
123 646
252 994
883 876
203 302
478 356
649 984
444 204
796 793
140 551
762 996
306 45
236 302
204 716
761 249
944 951
746 623
339 79
302 65
680 113
883 650
187 387
650 873
499 661
995 568
409 189
463 502
980 204
359 129
898 75
844 787
386 151
403 985
409 46
603 904
287 432
487 690
344 644
827 49
116 168
699 784
880 124
746 381
957 445
181 500
914 899
349 574
741 748
7 88
855 372
475 72
202 768
849 187
357 100
261 187
99 565
626 830
938 386
741 95
462 528
66 329
671 420
285 233
437 478
609 933
530 587
851 730
74 991
551 163
810 577
138 668
1000 501
14 251
307 879
18 134
679 255
38 205
88 324
209 625
302 566
195 546
549 735
754 271
760 401
127 436
91 738
131 347
4 235
580 644
511 322
622 729
606 290
737 561
425 971
101 954
317 237
624 973
537 970
934 836
539 148
614 744
728 91
265 995
913 959
416 625
400 22
97 188
39 817
387 272
726 597
145 742
884 725
336 803
555 216
996 206
55 236
991 928
79 26
796 690
710 968
953 709
537 262
682 807
19 903
345 821
915 641
36 382
112 716
636 5
477 476
794 270
582 417
16 898
733 779
183 366
831 386
707 880
673 544
955 366
589 803
121 844
416 422
641 179
922 89
590 78
95 532
731 286
358 909
125 910
272 984
790 833
996 771
977 805
446 32
12 922
472 923
787 484
293 339
722 755
490 771
268 958
39 256
960 623
725 289
545 155
142 59
990 863
648 156
122 185
998 776
378 47
506 88
490 549
625 38
772 37
203 83
799 780
47 107
530 115
52 723
861 579
900 385
316 88
563 201
857 804
18 686
700 310
934 480
120 696
875 184
888 912
733 314
58 626
769 171
303 672
309 931
109 657
296 818
179 434
141 406
587 297
92 123
239 260
192 826
67 687
31 8
979 174
405 195
813 70
409 768
388 748
869 283
841 773
145 782
699 163
920 180
816 69
500 758
48 479
157 339
487 984
755 120
348 418
663 949
264 519
697 679
935 469
461 334
602 987
925 223
29 906
46 792
964 379
233 759
513 965
109 348
275 502
242 127
631 507
412 165
565 921
267 618
80 623
181 992
861 420
592 969
848 99
958 232
760 623
744 20
52 71
911 50
720 45
562 768
375 479
886 150
809 745
593 322
673 362
322 376
85 727
478 111
423 730
706 402
191 590
291 584
739 70
812 778
190 690
374 447
967 430
120 384
420 179
776 171
539 245
643 234
187 265
758 64
19 772
386 1
960 166
652 292
746 667
727 194
568 555
716 412
240 748
222 940
776 536
173 216
88 400
809 464
738 470
956 257
887 827
283 937
858 787
529 977
54 788
667 591
249 620
767 982
716 804
314 48
157 390
379 538
720 574
958 584
817 312
529 652
254 985
133 830
742 882
724 729
798 32
301 632
413 94
343 157
881 734
807 306
699 941
202 407
726 454
138 855
786 619
968 922
623 58
694 952
831 9
543 645
638 541
289 178
290 749
754 6
60 763
621 310
983 307
622 113
859 321
53 314
94 462
5 423
246 261
377 730
964 652
952 204
411 97
838 584
985 4
363 360
625 29
410 165
460 498
803 453
288 323
558 854
37 72
6 371
596 473
106 557
433 459
447 918
658 132
709 727
772 556
459 520
852 677
830 617
923 153
909 102
420 437
649 697
562 74
50 178
872 809
874 347
487 348
236 604
572 902
535 242
315 407
689 166
373 405
709 43
271 80
676 932
662 243
480 325
483 870
671 99
570 274
823 932
382 300
444 855
232 309
358 309
289 786
841 733
879 381
312 964
962 635
124 231
815 535
566 458
627 125
498 59
320 807
686 582
546 237
307 547
604 859
197 667
367 815
100 426
617 192
765 328
553 872
418 459
775 389
579 28
156 379
15 48
627 264
756 940
51 452
749 864
920 727
178 362
285 955
198 388
77 228
825 350
700 606
807 794
406 721
99 65
409 930
506 69
900 31
740 734
908 514
122 21
970 327
899 833
320 48
247 623
524 58
732 717
235 943
610 956
808 261
481 483
581 496
729 261
676 260
516 365
439 430
187 305
47 293
838 112
550 644
308 823
112 400
700 113
795 303
11 764
837 184
987 711
913 728
219 625
1 294
310 296
323 719
270 970
567 880
514 124
788 515
71 641
572 938
849 619
606 449
589 617
993 820
685 22
867 847
941 428
194 723
304 63
242 743
335 594
401 804
665 395
754 361
975 610
765 913
816 41
979 615
854 593
749 492
397 816
90 770
42 919
54 361
385 508
993 647
977 122
100 511
372 580
877 737
254 608
347 270
719 542
354 638
617 188
907 672
376 750
623 563
733 718
113 973
924 805
781 876
360 802
413 296
984 222
18 344
807 984
609 817
725 703
82 369
308 433
22 739
938 40
346 289
891 24
85 65
730 150
485 116
56 441
75 119
494 527
408 930
446 658
38 257
532 631
496 415
648 108
340 224
308 582
476 480
922 710
83 702
415 647
364 301
607 243
205 879
887 643
305 857
838 461
53 935
148 753
865 353
101 703
121 209
610 407
258 480
315 241
226 428
120 919
144 278
112 666
404 808
171 623
906 662
15 918
841 955
328 66
422 956
828 663
813 69
138 463
525 721
379 625
698 135
777 748
489 354
732 426
533 55
591 481
738 887
322 767
228 217
279 975
542 223
34 910
509 720
350 716
684 929
557 354
149 441
377 882
56 869
985 627
73 861
649 571
775 444
543 672
507 96
218 245
381 519
981 512
994 594
812 711
355 948
377 588
359 868
844 240
601 989
907 938
527 461
195 620
80 284
378 120
853 255
657 940
71 86
240 210
921 855
683 848
98 208
935 83
361 866
948 340
752 381
37 83
517 473
540 110
613 608
51 75
913 100
420 188
667 405
705 218
465 861
31 538
696 387
400 421
516 150
957 484
933 331
883 688
421 679
547 457
639 87
148 516
349 389
775 681
301 34
598 728
158 693
451 461
440 826
383 762
210 92
180 772
442 123
176 931
943 757
233 150
695 20
680 467
737 262
3 582
777 703
65 848
217 938
203 715
43 290
985 941
620 708
56 983
737 480
521 563
113 73
617 90
390 164
524 956
342 365
343 156
789 802
42 377
8 553
190 305
363 815
489 632
860 409
829 966
669 189
781 803
640 429
808 863
221 822
167 176
833 444
778 279
742 556
468 657
513 706
441 735
226 863
961 272
531 34
954 647
790 829
437 523
575 277
9 780
971 104
458 141
204 921
961 50
356 556
340 169
88 898
229 275
832 257
540 114
890 251
598 312
286 814
992 583
22 868
95 342
649 990
173 392
134 918
728 65
513 294
531 478
678 339
934 937
331 580
724 501
118 780
67 810
533 136
288 657
914 573
790 232
280 609
840 365
541 890
488 644
475 398
993 830
743 25
49 501
797 710
107 315
953 687
145 538
21 135
791 359
820 454
524 98
597 564
113 171
791 468
499 579
390 471
963 403
836 163
49 215
361 69
551 648
367 475
465 39
301 953
837 263
620 665
569 601
185 864
738 844
284 620
952 859
381 380
76 462
96 402
482 29
85 616
600 772
472 611
458 666
646 81
314 422
836 359
51 553
507 443
489 596
517 972
332 6
542 401
949 433
660 836
238 168
4 800
61 689
873 911
17 683
367 637
960 517
670 388
437 803
155 59
921 926
497 316
266 106
670 535
416 806
791 737
173 714
339 670
692 154
491 427
53 672
767 528
71 316
274 734
442 524
689 517
616 611
654 325
568 646
663 9
29 830
481 83
724 9
247 652
213 524
144 13
127 970
390 518
892 950
126 182
20 519
628 732
6 566
813 446
944 691
174 264
603 918
439 252
25 88
618 185
945 95
837 473
605 592
268 987
158 943
710 744
785 711
864 216
242 740
812 152
831 396
604 26
312 394
940 244
103 614
217 531
591 445
977 121
116 979
543 318
77 920
333 366
946 859
734 778
237 210
845 403
955 703
26 973
831 64
544 642
686 829
981 691
263 660
123 151
765 732
994 464
314 705
894 764
338 954
854 18
639 792
278 108
694 587
588 529
976 364
579 793
265 321
179 391
52 959
145 235
181 733
274 401
614 985
48 759
160 488
833 55
942 659
691 401
486 575
178 196
434 90
786 391
329 368
862 170
701 248
446 973
710 366
268 469
359 788
291 908
370 943
922 886
870 608
122 264
343 992
951 737
329 82
662 892
40 27
295 893
371 491
922 921
979 232
704 72
231 47
343 593
714 71
734 130
917 674
899 491
101 527
28 667
549 279
755 574
650 958
478 751
889 836
913 435
656 99
474 514
898 160
836 852
664 925
774 422
46 717
68 13
36 852
171 268
718 114
333 48
299 224
686 524
485 245
743 218
52 424
436 783
387 565
57 470
220 614
385 479
498 64
281 542
360 97
693 161
397 932
694 922
716 710
591 518
299 398
929 11
488 453
398 502
114 387
556 814
217 962
200 680
476 897
293 373
745 894
578 389
207 764
549 516
824 125
643 707
972 141
866 392
761 678
562 913
947 889
855 576
508 394
933 822
471 859
435 772
199 941
899 779
312 687
277 675
403 600
888 910
136 120
669 653
247 929
516 287
291 987
330 63
294 99
131 34
26 276
630 162
725 150
566 942
112 251
903 165
614 694
226 367
434 928
165 720
663 49
546 610
767 109
344 909
232 686
55 214
594 868
799 183
84 578
125 302
88 258
349 678
392 781
893 809
880 700
793 27
885 389
600 598
305 401
200 185
55 357
778 208
48 509
820 619
380 930
275 310
436 528
337 913
731 193
929 166
532 5
806 620
567 73
186 697
481 831
464 427
46 514
925 82
692 323
251 917
342 76
859 210
94 573
207 838
796 289
160 279
964 639
716 456
132 169
833 871
967 217
109 241
424 359
647 907
196 240
662 496
868 903
947 853
288 214
570 756
576 633
633 632
960 728
139 861
670 587
964 940
558 552
999 942
606 212
700 265
752 203
887 725
408 886
306 40
644 832
562 505
947 273
54 549
861 171
255 236
511 374
576 37
46 73
415 124
73 109
227 788
324 186
791 955
245 728
214 665
713 46
306 620
935 603
702 930
188 520
427 704
870 116
194 717
270 782
128 227
663 537
194 775
637 456
896 248
663 708
635 747
210 498
397 778
900 756
519 79
375 861
176 317
489 714
952 886
152 310
940 311
603 23
334 118
364 609
328 599
310 603
846 953
685 517
891 272
229 921
103 944
343 320
808 828
293 700
669 49
427 426
411 801
179 317
588 167
570 950
113 1
848 188
481 549
169 332
212 691
69 726
180 145
143 271
290 977
644 224
976 272
298 292
947 945
605 853
52 843
19 386
592 320
77 944
133 502
302 279
303 58
827 692
347 910
23 459
351 846
893 275
155 243
28 355
770 940
808 263
235 191
554 791
97 832
559 90
727 964
999 803
947 252
568 647
416 628
481 82
47 295
470 97
499 370
121 164
49 391
551 136
606 893
898 42
336 949
500 72
687 364
709 124
214 842
265 664
272 369
591 120
97 268
499 400
63 563
263 45
671 944
675 437
679 114
637 379
400 612
384 121
721 704
59 825
831 399
907 119
711 933
417 231
346 263
510 530
688 102
462 337
120 424
855 394
967 716
706 802
96 401
977 120
96 864
543 313
569 342
788 48
502 684
394 499
274 861
971 503
256 496
613 950
645 890
65 864
436 270
578 446
123 7
270 64
274 127
406 512
799 181
288 175
244 120
256 653
421 77
585 641
813 827
316 885
482 109
890 350
468 936
397 468
532 625
466 206
743 527
254 108
212 437
530 110
839 248
883 952
493 572
469 435
40 141
938 618
740 978
874 620
936 71
528 369
819 274
982 994
531 95
917 673
899 490
166 735
355 719
957 672
351 721
325 438
145 902
240 594
177 867
547 269
15 867
822 657
974 243
91 273
558 399
335 786
600 385
505 963
15 912
171 642
608 924
572 831
8 834
686 307
984 911
966 611
989 386
594 50
578 943
188 679
984 830
492 833
848 312
223 576
781 940
252 48
551 774
110 82
989 725
648 639
996 87
431 644
858 144
507 98
807 105
672 81
540 676
925 510
52 126
66 174
35 901
492 148
481 621
322 375
269 348
364 990
187 959
23 301
196 807
602 302
566 653
182 886
666 627
151 201
62 508
725 36
795 157
112 109
221 261
222 230
639 371
827 621
455 612
227 541
423 441
40 504
24 925
870 924
466 462
250 457
455 906
923 476
432 465
140 994
876 404
970 849
292 805
466 240
491 591
510 249
292 948
167 520
673 857
120 147
346 134
267 126
250 794
884 93
765 238
470 970
241 372
128 183
840 106
148 41
115 438
461 158
604 882
896 59
327 650
518 49
242 158
522 60
336 231
584 333
490 339
365 100
95 783
591 650
1000 413
397 681
125 548
476 870
534 830
133 255
320 687
268 602
621 452
696 101
165 302
391 460
533 853
5 309
247 870
963 561
416 796
66 852
585 764
69 531
71 197
623 616
662 616
892 607
887 369
53 763
239 788
916 831
352 760
278 208
802 484
567 730
95 728
308 943
774 912
791 18
157 946
321 556
782 723
343 939
182 495
199 583
795 324
728 865
864 353
754 909
727 758
767 145
605 214
236 607
609 19
559 645
376 170
92 62
581 159
837 372
56 663
905 101
67 505
638 96
17 757
147 433
372 508
852 692
967 846
663 879
152 311
940 304
337 781
569 426
950 761
54 418
256 277
350 533
740 133
627 733
742 639
981 669
412 232
786 989
694 754
388 129
778 265
950 541
604 747
437 764
242 356
344 296
394 641
38 80
43 746
925 712
963 557
734 360
165 83
55 124
320 132
139 888
303 965
457 589
126 760
586 820
553 442
386 819
994 92
922 737
559 244
264 459
472 366
71 318
112 181
22 774
960 451
524 764
937 9
31 988
107 106
507 692
853 233
809 754
639 152
143 883
990 306
663 120
649 730
325 465
515 161
628 734
258 394
278 841
462 154
706 780
466 41
712 721
932 478
366 630
718 459
901 809
719 54
461 866
962 777
29 638
12 364
721 694
576 351
944 403
488 815
435 534
38 310
572 651
668 970
723 273
318 727
941 396
394 15
175 902
414 74
343 96
972 592
189 858
391 686
362 554
683 284
665 313
337 984
377 859
68 856
254 615
755 190
591 556
172 942
263 513
17 619
492 403
233 224
976 64
388 214
505 853
872 113
892 108
587 550
294 232
96 879
765 587
350 787
304 967
574 2
868 315
942 550
176 153
731 613
914 191
218 592
950 769
86 475
624 926
143 512
443 746
317 781
943 41
529 429
378 781
89 342
679 547
573 60
277 623
867 323
699 791
836 658
415 273
842 15
164 23
480 196
170 896
409 200
671 736
637 68
657 402
594 655
151 360
980 256
487 272
969 652
435 653
510 115
348 122
831 895
816 396
33 918
395 11
276 382
8 892
997 724
165 959
429 296
643 188
310 85
662 190
939 805
432 227
505 947
18 669
880 737
149 202
63 820
512 322
713 455
823 798
439 529
281 627
305 820
38 589
720 372
60 909
498 126
315 924
483 494
447 139
697 164
129 976
995 395
668 611
502 649
892 1
78 420
734 996
271 110
240 408
437 274
169 940
337 742
377 593
837 785
234 870
455 146
407 495
544 287
467 576
805 138
89 246
250 383
777 399
905 194
304 995
529 873
342 883
95 89
631 59
361 871
88 937
252 612
74 324
347 856
667 505
703 495
216 449
670 764
765 802
127 217
98 49
406 510
85 414
250 244
970 237
130 500
222 886
321 583
412 954
407 665
315 789
990 379
831 957
634 449
227 621
709 273
178 347
487 423
97 105
975 114
622 93
13 363
571 321
24 700
651 489
118 624
158 715
620 914
897 937
880 559
591 51
560 300
556 313
734 915
965 507
876 714
646 846
372 409
875 514
713 483
663 981
578 547
850 828
559 804
376 587
394 342
640 130
474 88
536 467
78 350
707 106
945 545
30 477
894 540
590 309
60 768
332 29
708 832
693 52
640 416
614 372
238 147
995 308
562 849
389 243
892 148
130 145
108 651
626 72
19 138
807 925
350 856
703 220
449 57
380 471
700 950
905 254
908 651
213 49
621 84
407 209
250 54
285 757
681 144
592 501
494 693
79 713
615 523
986 533
987 409
457 449
701 62
95 339
619 861
18 754
220 956
919 88
652 196
672 522
672 814
822 572
624 275
440 874
735 545
684 565
426 837
281 126
236 600
737 69
265 645
120 65
177 398
70 467
309 697
333 952
439 778
279 701
284 841
362 789
736 10
497 570
567 447
327 954
239 30
702 642
652 669
266 46
87 90
163 954
972 700
366 151
975 571
924 575
211 934
582 747
342 396
915 804
538 581
479 813
63 34
247 257
29 78
507 444
424 920
186 603
871 920
48 584
949 446
216 190
274 134
170 55
392 69
607 839
506 367
198 617
859 417
78 711
317 405
697 763
307 227
324 835
367 751
887 484
198 267
398 889
458 172
938 850
142 322
734 504
771 270
209 27
500 406
984 91
198 53
365 540
838 485
52 538
74 126
349 40
153 837
444 348
248 325
211 187
853 744
887 279
892 834
72 915
514 342
897 582
595 289
353 926
406 128
822 536
265 485
903 313
687 486
818 339
603 536
283 524
380 663
915 644
698 892
310 78
202 591
79 539
301 777
395 460
327 777
54 67
276 164
684 462
392 598
926 81
305 479
270 667
977 493
979 619
198 905
660 150
57 447
225 753
1000 169
109 371
157 29
693 251
147 27
369 95
831 77
674 792
986 230
132 220
246 726
793 761
612 195
326 209
195 517
812 325
293 432
151 822
777 483
813 842
407 25
445 454
47 118
250 110
900 398
188 424
433 250
670 784
322 674
40 143
313 925
317 893
121 100
235 28
22 146
117 16
689 951
616 721
890 747
323 625
984 341
932 29
257 771
719 247
88 70
577 730
808 853
244 140
770 67
745 505
102 174
656 102
822 663
282 481
403 680
129 506
202 528
650 974
769 138
516 641
21 45
977 303
622 818
542 897
689 115
604 74
452 239
181 311
816 122
525 606
395 377
569 662
937 986
789 921
295 224
333 45
831 306
264 524
462 691
46 946
676 557
842 821
310 999
321 478
284 710
466 737
143 141
754 96
708 877
195 306
471 641
274 191
114 446
333 736
595 693
393 219
808 758
660 895
679 45
207 796
759 451
694 554
66 350
344 421
358 32
39 688
985 396
192 873
489 151
231 392
412 358
507 928
257 675
826 820
403 605
888 913
926 734
729 167
150 283
566 818
365 595
991 291
705 222
944 818
862 592
321 725
231 366
857 779
681 85
754 645
904 756
335 444
999 869
344 993
860 817
680 923
165 733
809 801
775 532
776 398
192 213
214 918
322 936
145 673
862 310
225 147
482 546
620 892
948 827
940 891
335 835
803 2
90 642
396 709
183 143
315 511
997 759
745 358
598 958
180 951
769 150
128 794
202 903
828 695
405 226
172 51
319 300
585 350
197 896
915 557
349 581
212 333
229 63
949 790
896 142
953 339
412 287
488 6
472 651
604 844
487 840
219 406
493 267
259 879
78 351
501 768
946 911
484 978
530 718
507 403
631 474
632 492
284 345
17 562
240 322
695 474
117 961
454 42
744 117
449 399
195 703
126 913
794 649
990 766
682 183
864 702
798 737
820 89
14 144
34 594
852 618
711 209
126 883
161 605
770 677
678 26
313 650
743 704
283 46
236 6
165 14
931 272
331 282
44 849
61 109
390 877
748 233
107 243
625 370
346 915
10 848
227 682
174 935
446 904
529 116
194 995
260 564
724 497
47 455
240 702
629 444
117 200
896 969
339 194
732 955
804 24
788 901
724 697
296 783
81 527
580 615
796 676
836 403
179 602
219 921
220 118
813 487
887 794
323 871
361 440
785 590
239 315
138 304
547 84
492 997
974 53
957 825
980 654
910 861
112 900
189 820
940 12
834 523
101 24
379 426
418 226
39 214
134 238
270 478
367 810
115 261
696 694
968 955
699 573
112 257
713 639
657 701
916 298
956 116
152 727
372 946
170 455
869 711
566 176
624 662
17 312
259 921
164 569
167 438
528 844
450 742
950 827
365 505
426 138
616 329
302 282
687 163
599 811
64 573
313 791
297 250
400 529
155 244
374 504
875 325
343 875
2 321
24 825
645 505
151 96
814 288
265 997
886 502
788 810
844 990
849 844
885 6
260 703
501 668
675 344
967 948
487 494
169 932
699 334
351 436
36 124
289 614
841 49
797 966
375 766
31 18
716 794
326 586
187 240
426 600
7 37
210 179
909 585
931 145
751 496
715 774
977 339
723 275
963 256
600 710
711 934
802 158
107 982
533 30
129 808
410 265
635 648
48 572
360 506
470 867
551 910
916 121
419 547
350 725
901 747
454 283
824 963
157 107
802 96
509 696
904 464
759 728
171 83
601 554
11 490
489 564
532 56
845 595
812 728
950 586
425 365
668 319
616 120
246 727
30 564
783 30
683 218
167 453
959 889
108 318
899 898
536 968
179 662
282 896
869 588
655 449
915 416
571 778
203 398
956 832
739 80
687 976
193 148
411 221
360 739
948 492
183 625
459 745
207 383
83 325
670 785
862 57
520 186
237 71
278 158
481 2
634 56
999 832
691 179
42 787
803 312
22 147
598 919
404 983
631 522
64 308
620 793
822 741
809 510
95 10
600 621
120 11
926 583
448 514
234 127
896 534
385 23
528 161
983 899
694 338
769 137
241 666
629 775
444 677
564 890
619 286
713 372
751 276
456 235
738 641
152 36
214 422
321 956
979 518
582 673
416 472
204 351
840 708
868 822
447 181
734 859
806 580
204 946
625 726
323 264
270 257
952 472
790 968
901 481
542 493
247 121
947 607
603 193
64 927
510 969
938 805
887 137
318 156
854 50
694 555
170 415
852 599
523 657
653 546
492 38
735 250
278 489
783 272
395 738
460 638
667 507
501 129
748 945
621 144
880 22
532 647
936 264
496 271
979 426
709 765
948 631
696 392
628 963
737 613
635 757
340 487
771 745
415 503
199 604
516 290
165 732
794 140
830 710
146 535
12 65
50 140
948 661
992 781
368 907
633 13
872 819
230 397
98 195
864 311
171 561
561 361
983 566
729 659
968 373
788 71
291 488
789 361
666 228
808 33
376 768
304 109
585 460
641 418
397 161
25 133
45 314
401 648
846 20
759 973
116 881
669 324
711 878
942 354
510 553
37 935
295 135
466 563
966 876
309 103
94 775
475 771
557 321
741 36
928 399
234 678
734 823
740 236
800 428
752 722
418 380
742 532
744 118
781 687
319 880
434 934
96 809
528 300
191 394
346 4
108 276
53 437
311 849
972 173
778 626
429 742
543 822
394 891
127 409
721 273
204 918
188 371
668 5
708 781
946 419
250 52
92 983
552 36
790 528
592 503
187 589
23 419
649 880
782 948
362 445
307 468
165 926
460 718
998 516
946 133
416 620
520 882
638 730
217 578
47 271
32 572
783 699
387 330
250 488
477 303
676 83
589 750
422 799
27 529
510 280
620 814
921 61
885 500
517 855
124 203
306 763
382 90
328 927
770 298
423 272
553 981
979 736
647 724
573 776
300 815
910 973
839 555
45 448
764 824
566 226
571 498
863 548
209 319
212 874
543 726
157 55
33 9
416 78
734 787
842 989
661 391
280 414
533 951
674 242
472 902
90 509
678 714
275 165
556 754
333 679
963 752
135 436
514 974
94 428
874 944
891 114
730 188
833 189
411 67
394 799
477 518
736 928
826 890
217 257
353 886
574 327
605 627
127 147
255 430
917 951
79 860
602 519
199 663
204 751
524 846
448 793
229 686
406 134
763 745
802 731
286 440
464 370
733 497
348 913
19 947
261 870
926 616
158 758
124 294
71 895
10 126
996 660
851 235
79 615
836 893
799 139
784 208
234 171
950 884
145 906
556 38
314 3
926 266
49 246
106 481
894 414
921 862
646 645
24 404
354 935
571 976
443 474
450 498
50 664
982 288
484 181
884 1000
125 91
881 527
367 216
315 629
637 202
33 420
713 522
533 511
312 237
758 546
890 494
425 434
336 19
906 131
927 555
622 209
520 87
424 630
351 325
480 786
670 203
881 506
276 622
868 192
695 829
330 723
481 581
320 453
212 723
80 563
421 73
403 722
247 811
820 385
472 47
238 538
97 902
133 470
799 757
766 888
288 385
656 646
244 578
649 904
853 424
89 347
143 946
19 640
410 15
156 575
608 596
3 148
960 81
598 583
432 346
452 789
325 33
642 485
748 359
841 67
935 825
455 683
286 295
254 123
607 701
206 254
980 481
323 830
840 148
825 544
811 533
461 916
816 237
393 652
431 844
379 631
984 915
72 77
897 108
832 137
624 237
59 857
387 862
449 613
848 500
106 939
347 66
13 77
6 83
489 757
94 808
920 89
74 294
781 936
727 108
164 958
682 959
996 83
635 535
360 245
95 791
705 743
833 426
941 991
800 797
240 490
366 286
739 768
613 807
118 463
251 234
643 710
570 618
807 843
973 607
497 366
908 738
745 813
757 974
217 377
853 332
122 454
841 396
821 750
870 513
787 675
794 141
525 43
240 705
586 43
438 812
738 382
41 982
392 980
176 891
943 925
585 145
70 347
770 37
997 612
361 450
548 114
469 919
721 610
560 928
816 314
675 113
515 408
936 611
458 632
816 137
375 598
503 787
437 191
798 152
968 163
977 844
335 132
39 189
96 605
828 774
707 111
673 195
858 851
817 982
312 165
119 224
512 254
270 226
143 16
226 742
977 870
617 271
178 581
469 66
677 621
34 737
860 693
722 703
901 85
42 886
541 238
815 499
962 69
564 177
412 422
964 651
113 233
350 238
367 724
948 135
244 740
84 333
252 907
773 845
334 909
101 910
248 590
37 194
23 19
481 472
814 266
635 315
339 998
412 618
90 286
687 233
925 804
794 477
549 200
398 732
149 730
922 986
908 89
510 63
940 714
443 98
686 34
588 78
620 866
656 470
408 378
869 691
448 587
15 935
110 611
186 179
968 481
201 406
816 181
798 357
391 817
160 713
231 566
223 894
632 189
544 815
546 373
163 845
930 20
180 683
287 625
656 256
334 189
959 387
279 772
806 562
57 17
403 253
441 946
775 365
807 92
846 898
703 31
688 300
311 918
717 175
662 232
392 72
817 793
506 362
821 241
199 189
769 606
777 123
604 421
342 847
166 153
318 76
969 940
36 637
611 483
867 77
406 347
291 521
952 973
662 520
458 58
889 374
725 216
600 642
502 291
784 687
218 666
438 603
886 69
409 327
227 712
374 361
639 311
605 483
245 890
681 403
502 461
639 132
73 163
662 965
679 793
793 666
576 6
173 136
926 990
898 39
16 680
645 810
758 941
887 843
11 834
908 460
340 766
215 482
641 719
182 233
404 787
97 263
704 361
529 914
824 862
806 914
474 731
24 358
477 468
122 161
660 435
917 76
6 229
297 999
582 552
594 704
55 680
202 812
834 621
836 419
81 70
142 711
414 872
721 118
850 658
42 615
933 681
682 875
812 730
595 666
467 827
694 722
734 927
134 389
392 100
195 633
344 349
731 347
824 103
54 484
271 308
646 480
156 116
892 334
749 83
550 140
18 117
91 681
298 261
377 260
674 616
640 568
207 456
191 675
583 93
360 741
36 736
221 316
293 159
117 507
907 716
50 388
487 217
625 312
801 831
562 299
84 91
913 915
418 531
435 499
738 232
704 56
44 569
361 715
438 833
682 836
819 646
897 720
895 470
1000 90
187 48
991 612
135 176
653 307
180 815
953 745
366 534
427 766
390 262
598 913
58 446
443 392
172 74
375 589
690 651
604 69
163 793
845 877
256 404
172 217
394 47
815 922
375 915
91 88
165 443
648 661
665 281
530 745
512 100
860 396
777 832
760 520
599 17
56 143
3 503
766 362
426 1
320 516
180 841
108 675
646 317
836 970
354 383
742 650
925 362
543 966
821 809
626 435
679 191
937 292
611 349
367 691
481 608
232 685
943 378
122 882
308 259
578 161
879 628
304 128
783 274
218 560
990 946
256 797
248 563
304 709
783 387
786 485
84 8
895 192
843 365
862 27
115 690
79 791
151 426
279 209
709 652
840 757
657 481
88 489
192 327
254 5
609 10
24 640
280 810
832 791
136 782
358 39
250 692
885 457
749 814
534 58
25 26
465 419
301 829
856 226
628 48
258 656
408 61
216 966
488 875
552 660
55 355
426 417
101 225
559 567
882 278
718 80
426 304
252 226
33 653
133 951
261 130
744 346
411 573
588 475
984 550
661 353
440 91
25 711
623 179
257 687
354 400
83 850
677 620
735 314
592 60
186 933
61 791
229 577
821 781
678 910
666 846
242 460
498 546
138 659
516 999
658 474
524 317
346 606
522 637
728 298
486 622
469 276
754 450
964 990
710 281
331 492
245 110
266 38
184 762
520 884
4 429
867 415
40 216
652 369
366 167
395 792
718 726
81 755
695 259
451 513
931 779
805 814
883 514
40 360
513 66
59 53
352 57
461 889
297 744
887 791
484 188
334 515
44 182
335 977
447 267
1 109
920 325
258 628
152 239
741 275
79 476
945 790
815 885
409 625
621 974
12 570
242 989
427 117
391 726
410 930
414 781
200 441
552 942
555 369
977 167
209 317
997 172
1000 192
194 139
176 386
968 958
753 440
212 987
322 103
271 162
934 294
384 590
2 194
498 868
352 410
574 920
308 214
969 962
78 407
273 487
200 885
259 264
247 833
873 658
87 760
470 40
411 736
518 594
425 929
562 546
815 244
563 327
122 29
531 293
832 356
478 987
184 662
540 408
867 443
649 588
475 761
487 410
344 988
400 926
349 85
425 637
799 343
233 420
340 648
641 605
783 782
582 925
192 399
654 537
159 69
275 952
591 70
828 276
172 464
154 839
704 188
880 867
788 762
131 589
98 936
923 697
525 677
65 769
340 989
569 525
396 543
664 823
901 566
357 906
206 898
409 732
928 892
945 818
30 236
582 189
7 196
531 566
551 907
111 112
665 316
376 66
802 127
473 307
312 239
350 619
276 778
812 324
683 49
8 375
172 570
432 663
679 974
644 363
540 717
498 904
597 396
526 904
696 947
143 504
77 580
652 870
134 533
672 172
670 491
493 788
575 298
762 660
659 993
415 617
622 787
98 183
118 50
156 795
213 870
625 174
329 377
321 717
486 641
487 216
715 445
168 72
611 252
690 245
502 447
178 33
515 360
921 447
850 495
278 12
10 742
706 587
368 475
900 575
334 279
547 418
608 692
239 414
700 156
157 663
949 747
490 128
77 480
648 130
321 316
758 569
689 230
273 542
909 537
713 232
557 39
257 422
810 180
71 899
989 412
116 792
558 371
673 987
272 640
457 644
803 729
988 715
238 414
6 480
364 528
200 497
972 855
95 640
132 414
460 3
850 631
284 369
485 464
234 720
971 393
664 463
542 464
413 260
217 899
234 867
610 698
60 607
758 714
298 196
542 355
321 109
854 49
472 239
768 428
523 658
910 118
182 985
234 6
570 731
317 74
486 579
126 682
970 308
715 456
792 879
890 94
463 826
912 276
913 86
606 114
496 657
939 785
715 310
352 304
995 518
767 328
762 2
782 616
234 484
182 436
537 683
990 271
417 76
666 449
405 411
463 405
456 477
664 546
438 221
665 579
603 983
970 682
903 146
487 529
54 924
71 982
540 200
758 692
876 711
254 887
332 933
121 674
380 953
162 100
346 249
534 756
295 128
330 179
229 140
275 428
973 61
599 71
929 191
18 502
347 334
77 857
685 538
210 669
817 610
884 603
699 642
612 417
425 281
812 675
526 977
321 604
655 137
316 981
363 416
959 813
191 439
998 781
696 662
325 641
788 74
754 225
920 627
618 880
912 707
995 102
189 35
448 483
910 253
714 962
226 40
248 592
122 105
164 91
675 743
520 230
830 903
361 608
774 788
18 751
330 173
939 893
926 849
892 827
931 701
438 927
832 86
718 582
990 491
993 69
957 738
787 430
407 513
620 860
839 514
828 369
79 185
301 143
270 870
309 644
366 975
992 10
276 307
97 362
903 246
172 124
158 955
236 891
935 545
974 57
816 183
695 839
909 690
384 3
228 778
45 428
908 126
198 934
824 529
181 156
440 282
544 912
872 381
928 575
659 449
966 847
346 76
349 301
310 931
518 132
825 426
902 231
635 974
33 14
971 448
275 905
294 375
686 809
229 898
569 29
554 331
609 812
846 563
705 685
701 723
908 502
5 422
969 880
626 105
990 734
312 929
22 732
189 357
905 140
618 965
985 510
767 171
519 753
611 404
521 124
763 49
928 106
69 608
42 754
575 646
801 589
530 5
895 933
786 411
481 393
612 242
728 182
269 64
951 612
735 989
993 278
620 994
891 691
675 638
334 649
639 134
571 238
625 636
115 538
386 222
204 166
44 486
795 294
796 533
700 99
732 923
514 194
219 584
736 350
903 308
933 768
254 66
148 427
555 760
68 130
931 4
571 253
516 682
149 103
466 837
289 836
591 359
160 453
962 549
746 156
436 652
437 245
510 533
955 376
119 535
390 213
484 176
54 358
38 603
204 311
723 357
632 330
264 740
125 104
346 32
646 53
388 845
116 586
246 521
412 76
621 723
413 398
397 521
795 666
228 938
798 771
583 539
57 781
898 941
773 207
372 914
777 535
654 48
754 214
579 769
726 80
565 222
532 393
290 780
899 902
773 993
960 744
652 758
908 584
47 140
692 215
964 860
71 250
844 314
921 755
466 938
268 382
252 973
528 586
66 521
231 321
17 203
442 552
347 696
652 427
818 959
953 924
679 686
314 750
173 345
693 930
819 283
141 315
418 640
880 859
754 892
974 949
657 141
481 224
136 901
67 635
177 239
549 287
779 222
296 94
476 61
144 271
510 196
148 335
242 606
185 234
104 515
448 693
196 51
181 385
733 244
49 698
670 868
358 283
16 984
491 646
337 28
158 2
732 419
475 906
718 122
522 289
542 164
135 374
189 749
806 745
627 60
171 34
498 774
551 831
418 409
720 249
484 906
213 340
506 718
234 721
94 585
534 954
213 589
755 185
19 116
23 277
795 535
409 785
711 647
147 792
442 904
87 562
753 50
915 287
166 167
411 507
691 324
251 461
507 935
827 644
700 654
226 5
709 616
892 562
653 913
856 35
967 305
829 176
883 627
245 57
822 955
514 360
623 928
187 368
823 309
749 522
165 469
304 259
220 111
455 784
443 200
281 21
379 822
784 140
35 2
219 801
185 676
885 284
837 409
659 857
551 671
491 725
628 50
721 752
595 171
44 99
742 14
300 501
481 955
31 359
412 210
438 367
780 958
105 228
432 788
629 569
43 170
28 706
820 994
181 40
313 96
777 785
245 275
802 420
328 547
755 380
794 768
138 812
267 640
248 996
541 122
235 625
345 209
196 206
960 562
900 926
761 911
52 968
950 929
38 47
977 517
869 575
857 223
655 404
119 30
610 929
34 591
892 487
105 979
108 54
400 263
443 699
409 511
196 913
605 619
507 560
36 826
222 197
773 731
888 545
817 921
142 394
308 950
457 84
258 159
64 408
357 755
230 323
787 704
862 388
115 513
956 217
406 254
652 194
908 84
46 962
382 233
899 923
585 450
337 408
157 685
111 666
229 373
663 307
799 57
949 546
767 879
805 526
241 725
457 912
295 496
934 85
832 740
49 206
180 912
788 343
770 294
484 270
746 185
287 749
698 68
104 889
826 879
713 385
396 859
860 336
592 734
295 167
7 883
284 660
987 95
208 102
906 235
48 767
124 74
821 476
289 251
53 66
268 791
289 340
455 195
209 477
137 136
691 625
433 801
587 640
327 389
38 248
661 708
155 316
1000 271
624 651
489 782
130 626
630 401
175 911
874 975
692 252
431 8
201 575
382 516
728 264
957 56
105 246
364 172
917 834
916 875
903 883
51 78
601 431
505 2
32 894
952 959
10 881
947 254
174 964
765 101
58 830
496 730
558 814
110 945
645 416
349 83
25 261
827 874
541 853
801 904
514 195
442 230
426 803
7 258
889 183
395 228
681 707
556 473
478 651
999 287
586 832
681 620
849 498
810 904
372 313
750 594
805 691
318 734
354 645
916 151
664 168
752 328
315 536
617 904
393 886
394 153
821 286
822 201
290 470
402 764
459 501
703 862
850 766
247 370
